1	222
1	223
1	224
1	295
1	296
1	297
1	298
1	299
1	300
1	301
1	302
1	303
1	304
1	305
1	306
1	307
2	222
2	223
2	224
2	294
2	295
2	296
2	297
2	298
2	299
2	300
2	301
2	302
2	303
2	304
2	305
2	306
2	307
3	222
3	223
3	224
3	294
3	295
3	296
3	297
3	298
3	299
3	300
3	301
3	302
3	303
3	304
3	305
3	306
3	307
4	222
4	223
4	224
4	294
4	295
4	296
4	297
4	298
4	299
4	300
4	301
4	302
4	303
4	304
4	305
4	306
4	307
5	222
5	223
5	224
5	294
5	295
5	296
5	297
5	298
5	299
5	300
5	301
5	302
5	303
5	304
5	305
5	306
5	307
6	222
6	223
6	224
6	294
6	295
6	296
6	297
6	298
6	299
6	300
6	301
6	302
6	303
6	304
6	305
6	306
7	222
7	223
7	224
7	294
7	295
7	296
7	297
7	298
7	299
7	300
7	301
7	302
7	303
7	304
7	305
7	306
8	222
8	223
8	224
8	294
8	295
8	296
8	297
8	298
8	299
8	300
8	301
8	302
8	303
8	304
8	305
8	306
9	222
9	223
9	224
9	294
9	295
9	296
9	297
9	298
9	299
9	300
9	301
9	302
9	303
9	304
9	305
9	306
10	222
10	223
10	224
10	296
10	297
10	298
10	299
10	300
10	301
10	302
10	303
10	304
10	305
10	306
11	222
11	223
11	224
11	293
11	294
11	295
11	296
11	297
11	298
11	299
11	300
11	301
11	302
11	303
11	304
11	305
11	306
12	293
12	294
12	295
12	296
12	297
12	298
12	299
12	300
12	301
12	302
12	303
12	304
12	305
12	306
13	222
13	223
13	224
13	293
13	294
13	295
13	296
13	297
13	298
13	299
13	300
13	301
13	302
13	303
13	304
13	305
13	306
14	221
14	222
14	223
14	293
14	294
14	295
14	296
14	297
14	298
14	299
14	300
14	301
14	302
14	303
15	220
15	221
15	222
15	293
15	294
15	295
15	296
15	297
15	298
15	299
15	300
15	301
15	302
15	303
15	304
15	305
15	306
16	220
16	221
16	222
16	291
16	292
16	293
16	294
16	295
16	296
16	297
16	298
16	299
16	300
16	301
16	302
16	303
16	304
16	305
16	306
17	220
17	221
17	222
17	291
17	292
17	293
17	294
17	295
17	296
17	297
17	298
17	299
17	300
17	301
17	302
17	303
17	304
17	305
17	306
18	220
18	221
18	222
18	291
18	292
18	293
18	294
18	295
18	296
18	297
18	298
18	299
18	300
18	301
18	302
18	303
18	304
18	305
19	220
19	221
19	222
19	291
19	292
19	293
19	294
19	295
19	296
19	297
19	298
19	299
19	300
19	301
19	302
19	303
19	304
19	305
19	306
20	220
20	221
20	222
20	292
20	293
20	294
20	295
20	296
20	297
20	298
20	299
20	300
20	301
20	302
20	303
20	304
20	305
20	306
21	220
21	221
21	222
21	292
21	293
21	294
21	295
21	296
21	297
21	298
21	299
21	300
21	301
21	302
21	303
21	304
21	305
21	306
22	220
22	221
22	222
22	292
22	293
22	294
22	295
22	296
22	297
22	298
22	299
22	300
22	301
22	302
22	303
22	304
22	305
22	306
23	220
23	221
23	222
23	292
23	293
23	294
23	295
23	296
23	297
23	298
23	299
23	300
23	301
23	302
23	303
23	304
23	305
23	306
24	220
24	221
24	222
24	292
24	293
24	294
24	295
24	296
24	297
24	298
24	299
24	300
24	301
24	302
24	303
24	304
24	305
25	221
25	222
25	223
25	294
25	295
25	296
25	297
25	298
25	299
25	300
25	301
25	302
25	303
25	304
25	305
26	221
26	222
26	223
26	294
26	295
26	296
26	297
26	298
26	299
26	300
26	301
26	302
26	303
26	304
26	305
27	221
27	222
27	223
27	294
27	295
27	296
27	297
27	298
27	299
27	300
27	301
27	302
27	303
27	304
27	305
28	221
28	222
28	223
28	294
28	295
28	296
28	297
28	298
28	299
28	300
28	301
28	302
28	303
28	304
29	221
29	222
29	223
29	294
29	295
29	296
29	297
29	298
29	299
29	300
29	301
29	302
29	303
29	304
30	221
30	222
30	223
30	293
30	294
30	295
30	296
30	297
30	298
30	299
30	300
30	301
30	302
30	303
30	304
31	293
31	294
31	295
31	296
31	297
31	298
31	299
31	300
31	301
31	302
31	303
31	304
32	220
32	221
32	222
32	223
32	293
32	294
32	295
32	296
32	297
32	298
32	299
32	300
32	301
32	302
32	303
33	220
33	221
33	222
33	293
33	294
33	295
33	296
33	297
33	298
33	299
33	300
33	301
33	302
33	303
34	220
34	221
34	222
34	293
34	294
34	295
34	296
34	297
34	298
34	299
34	300
34	301
34	302
34	303
35	220
35	221
35	222
35	293
35	294
35	295
35	296
35	297
35	298
35	299
35	300
35	301
35	302
35	303
36	220
36	221
36	222
36	292
36	293
36	294
36	295
36	296
36	297
36	298
36	299
36	300
36	301
36	302
36	303
37	220
37	221
37	222
37	292
37	293
37	294
37	295
37	296
37	297
37	298
37	299
37	300
37	301
37	302
37	303
38	220
38	221
38	222
38	292
38	293
38	294
38	295
38	296
38	297
38	298
38	299
38	300
38	301
38	302
38	303
39	220
39	221
39	222
39	292
39	293
39	294
39	295
39	296
39	297
39	298
39	299
39	300
39	301
39	302
39	303
40	220
40	221
40	222
40	292
40	293
40	294
40	295
40	296
40	297
40	298
40	299
40	300
40	301
40	302
40	303
41	220
41	221
41	222
41	292
41	293
41	294
41	295
41	296
41	297
41	298
41	299
41	300
41	301
41	302
41	303
42	220
42	221
42	222
42	292
42	293
42	294
42	295
42	296
42	297
42	298
42	299
42	300
42	301
42	302
43	220
43	221
43	222
43	292
43	293
43	294
43	295
43	296
43	297
43	298
43	299
43	300
43	301
43	302
44	220
44	221
44	222
44	292
44	293
44	294
44	295
44	296
44	297
44	298
44	299
44	300
44	301
44	302
45	220
45	221
45	222
45	291
45	292
45	293
45	294
45	295
45	296
45	297
45	298
45	299
45	300
45	301
45	302
46	219
46	220
46	221
46	291
46	292
46	293
46	294
46	295
46	296
46	297
46	298
46	299
46	300
46	301
46	302
47	219
47	220
47	221
47	291
47	292
47	293
47	294
47	295
47	296
47	297
47	298
47	299
47	300
47	301
47	302
48	219
48	220
48	221
48	291
48	292
48	293
48	294
48	295
48	296
48	297
48	298
48	299
48	300
48	301
49	218
49	219
49	220
49	291
49	292
49	293
49	294
49	295
49	296
49	297
49	298
49	299
49	300
49	301
50	218
50	219
50	220
50	291
50	292
50	293
50	294
50	295
50	296
50	297
50	298
50	299
50	300
50	301
51	218
51	219
51	220
51	290
51	291
51	292
51	293
51	294
51	295
51	296
51	297
51	298
51	299
51	300
52	218
52	219
52	220
52	290
52	291
52	292
52	293
52	294
52	295
52	296
52	297
52	298
52	299
52	300
53	218
53	219
53	220
53	290
53	291
53	292
53	293
53	294
53	295
53	296
53	297
53	298
53	299
53	300
54	218
54	219
54	220
54	290
54	291
54	292
54	293
54	294
54	295
54	296
54	297
54	298
54	299
54	300
55	218
55	219
55	220
55	290
55	291
55	292
55	293
55	294
55	295
55	296
55	297
55	298
55	299
55	300
56	218
56	219
56	220
56	289
56	290
56	291
56	292
56	293
56	294
56	295
56	296
56	297
56	298
56	299
56	300
57	218
57	219
57	220
57	290
57	291
57	292
57	293
57	294
57	295
57	296
57	297
57	298
57	299
57	300
58	218
58	219
58	220
58	289
58	290
58	291
58	292
58	293
58	294
58	295
58	296
58	297
58	298
58	299
58	300
59	218
59	219
59	220
59	289
59	290
59	291
59	292
59	293
59	294
59	295
59	296
59	297
59	298
59	299
59	300
60	218
60	219
60	220
60	289
60	290
60	291
60	292
60	293
60	294
60	295
60	296
60	297
60	298
60	299
60	300
61	218
61	219
61	220
61	289
61	290
61	291
61	292
61	293
61	294
61	295
61	296
61	297
61	298
61	299
61	300
62	218
62	219
62	220
62	289
62	290
62	291
62	292
62	293
62	294
62	295
62	296
62	297
62	298
62	299
62	300
63	289
63	290
63	291
63	292
63	293
63	294
63	295
63	296
63	297
63	298
63	299
63	300
64	218
64	219
64	220
64	289
64	290
64	291
64	292
64	293
64	294
64	295
64	296
64	297
64	298
64	299
64	300
65	218
65	219
65	220
65	290
65	291
65	292
65	293
65	294
65	295
65	296
65	297
65	298
65	299
65	300
66	288
66	289
66	290
66	291
66	292
66	293
66	294
66	295
66	296
66	297
66	298
66	299
66	300
67	218
67	219
67	220
67	288
67	289
67	290
67	291
67	292
67	293
67	294
67	295
67	296
67	297
67	298
67	299
67	300
68	218
68	219
68	220
68	288
68	289
68	290
68	291
68	292
68	293
68	294
68	295
68	296
68	297
68	298
68	299
68	300
69	217
69	218
69	219
69	288
69	289
69	290
69	291
69	292
69	293
69	294
69	295
69	296
69	297
69	298
70	217
70	218
70	219
70	288
70	289
70	290
70	291
70	292
70	293
70	294
70	295
70	296
70	297
70	298
71	217
71	218
71	219
71	288
71	289
71	290
71	291
71	292
71	293
71	294
71	295
71	296
71	297
71	298
72	217
72	218
72	219
72	286
72	287
72	288
72	289
72	290
72	291
72	292
72	293
72	294
72	295
72	296
72	297
72	298
73	286
73	287
73	288
73	289
73	290
73	291
73	292
73	293
73	294
73	295
73	296
73	297
73	298
74	216
74	217
74	218
74	286
74	287
74	288
74	289
74	290
74	291
74	292
74	293
74	294
74	295
74	296
74	297
74	298
75	216
75	217
75	218
75	286
75	287
75	288
75	289
75	290
75	291
75	292
75	293
75	294
75	295
75	296
75	297
75	298
76	216
76	217
76	218
76	286
76	287
76	288
76	289
76	290
76	291
76	292
76	293
76	294
76	295
76	296
76	297
76	298
77	216
77	217
77	218
77	286
77	287
77	288
77	289
77	290
77	291
77	292
77	293
77	294
77	295
77	296
77	297
77	298
78	216
78	217
78	218
78	286
78	287
78	288
78	289
78	290
78	291
78	292
78	293
78	294
78	295
78	296
78	297
78	298
79	216
79	217
79	218
79	286
79	287
79	288
79	289
79	290
79	291
79	292
79	293
79	294
79	295
79	296
79	297
79	298
80	216
80	217
80	218
80	286
80	287
80	288
80	289
80	290
80	291
80	292
80	293
80	294
80	295
80	296
80	297
80	298
81	216
81	217
81	218
81	286
81	287
81	288
81	289
81	290
81	291
81	292
81	293
81	294
81	295
81	296
81	297
81	298
82	216
82	217
82	218
82	286
82	287
82	288
82	289
82	290
82	291
82	292
82	293
82	294
82	295
82	296
82	297
82	298
83	216
83	217
83	218
83	286
83	287
83	288
83	289
83	290
83	291
83	292
83	293
83	294
83	295
83	296
83	297
83	298
84	216
84	217
84	218
84	286
84	287
84	288
84	289
84	290
84	291
84	292
84	293
84	294
84	295
84	296
85	286
85	287
85	288
85	289
85	290
85	291
85	292
85	293
85	294
85	295
85	296
85	297
85	298
86	216
86	217
86	218
86	286
86	287
86	288
86	289
86	290
86	291
86	292
86	293
86	294
86	295
86	296
87	216
87	217
87	218
87	286
87	287
87	288
87	289
87	290
87	291
87	292
87	293
87	294
87	295
87	296
87	297
88	216
88	217
88	218
88	286
88	287
88	288
88	289
88	290
88	291
88	292
88	293
88	294
88	295
88	296
89	216
89	217
89	218
89	285
89	286
89	287
89	288
89	289
89	290
89	291
89	292
89	293
89	294
89	295
89	296
89	297
90	216
90	217
90	218
90	287
90	288
90	289
90	290
90	291
90	292
90	293
90	294
90	295
90	296
90	297
91	216
91	217
91	218
91	285
91	286
91	287
91	288
91	289
91	290
91	291
91	292
91	293
91	294
91	295
92	216
92	217
92	218
92	284
92	285
92	286
92	287
92	288
92	289
92	290
92	291
92	292
92	293
92	294
93	216
93	217
93	218
93	283
93	284
93	285
93	286
93	287
93	288
93	289
93	290
93	291
93	292
93	293
93	294
93	295
93	296
94	216
94	217
94	218
94	283
94	284
94	285
94	286
94	287
94	288
94	289
94	290
94	291
94	292
94	293
94	294
94	295
94	296
95	215
95	216
95	217
95	283
95	284
95	285
95	286
95	287
95	288
95	289
95	290
95	291
95	292
95	293
96	215
96	216
96	217
96	283
96	284
96	285
96	286
96	287
96	288
96	289
96	290
96	291
96	292
96	293
96	294
96	295
97	214
97	215
97	216
97	283
97	284
97	285
97	286
97	287
97	288
97	289
97	290
97	291
97	292
97	293
98	283
98	284
98	285
98	286
98	287
98	288
98	289
98	290
98	291
98	292
98	293
98	294
98	295
99	213
99	214
99	215
99	283
99	284
99	285
99	286
99	287
99	288
99	289
99	290
99	291
99	292
99	293
99	294
99	295
100	213
100	214
100	215
100	283
100	284
100	285
100	286
100	287
100	288
100	289
100	290
100	291
100	292
100	293
100	294
100	295
101	213
101	214
101	215
101	283
101	284
101	285
101	286
101	287
101	288
101	289
101	290
101	291
101	292
101	293
101	294
101	295
102	213
102	214
102	215
102	283
102	284
102	285
102	286
102	287
102	288
102	289
102	290
102	291
102	292
102	293
102	294
102	295
103	213
103	214
103	215
103	283
103	284
103	285
103	286
103	287
103	288
103	289
103	290
103	291
103	292
103	293
103	294
104	213
104	214
104	215
104	283
104	284
104	285
104	286
104	287
104	288
104	289
104	290
104	291
104	292
104	293
104	294
105	213
105	214
105	215
105	283
105	284
105	285
105	286
105	287
105	288
105	289
105	290
105	291
105	292
105	293
105	294
106	213
106	214
106	215
106	283
106	284
106	285
106	286
106	287
106	288
106	289
106	290
106	291
106	292
106	293
107	213
107	214
107	215
107	283
107	284
107	285
107	286
107	287
107	288
107	289
107	290
107	291
107	292
107	293
108	213
108	214
108	215
108	283
108	284
108	285
108	286
108	287
108	288
108	289
108	290
108	291
108	292
108	293
109	213
109	214
109	215
109	283
109	284
109	285
109	286
109	287
109	288
109	289
109	290
109	291
109	292
109	293
110	213
110	214
110	215
110	283
110	284
110	285
110	286
110	287
110	288
110	289
110	290
110	291
110	292
110	293
111	213
111	214
111	215
111	282
111	283
111	284
111	285
111	286
111	287
111	288
111	289
111	290
111	291
111	292
111	293
112	213
112	214
112	215
112	282
112	283
112	284
112	285
112	286
112	287
112	288
112	289
112	290
112	291
112	292
113	213
113	214
113	215
113	282
113	283
113	284
113	285
113	286
113	287
113	288
113	289
113	290
113	291
113	292
114	213
114	214
114	215
114	282
114	283
114	284
114	285
114	286
114	287
114	288
114	289
114	290
114	291
114	292
115	213
115	214
115	215
115	282
115	283
115	284
115	285
115	286
115	287
115	288
115	289
115	290
115	291
115	292
116	213
116	214
116	215
116	281
116	282
116	283
116	284
116	285
116	286
116	287
116	288
116	289
116	290
116	291
116	292
117	213
117	214
117	215
117	281
117	282
117	283
117	284
117	285
117	286
117	287
117	288
117	289
117	290
117	291
117	292
118	213
118	214
118	215
118	281
118	282
118	283
118	284
118	285
118	286
118	287
118	288
118	289
118	290
118	291
118	292
119	213
119	214
119	215
119	280
119	281
119	282
119	283
119	284
119	285
119	286
119	287
119	288
119	289
119	290
119	291
119	292
120	213
120	214
120	215
120	280
120	281
120	282
120	283
120	284
120	285
120	286
120	287
120	288
120	289
120	290
120	291
120	292
121	213
121	214
121	215
121	280
121	281
121	282
121	283
121	284
121	285
121	286
121	287
121	288
121	289
121	290
121	291
121	292
122	213
122	214
122	215
122	281
122	282
122	283
122	284
122	285
122	286
122	287
122	288
122	289
122	290
122	291
123	213
123	214
123	215
123	279
123	280
123	281
123	282
123	283
123	284
123	285
123	286
123	287
123	288
123	289
123	290
123	291
124	213
124	214
124	215
124	279
124	280
124	281
124	282
124	283
124	284
124	285
124	286
124	287
124	288
124	289
124	290
124	291
125	213
125	214
125	215
125	279
125	280
125	281
125	282
125	283
125	284
125	285
125	286
125	287
125	288
125	289
126	213
126	214
126	215
126	279
126	280
126	281
126	282
126	283
126	284
126	285
126	286
126	287
126	288
126	289
126	290
126	291
127	213
127	214
127	215
127	281
127	282
127	283
127	284
127	285
127	286
127	287
127	288
127	289
127	290
127	291
128	212
128	213
128	214
128	278
128	279
128	280
128	281
128	282
128	283
128	284
128	285
128	286
128	287
128	288
128	289
128	290
128	291
129	278
129	279
129	280
129	281
129	282
129	283
129	284
129	285
129	286
129	287
129	288
129	289
129	290
129	291
130	211
130	212
130	213
130	278
130	279
130	280
130	281
130	282
130	283
130	284
130	285
130	286
130	287
130	288
130	289
130	290
130	291
131	212
131	213
131	214
131	280
131	281
131	282
131	283
131	284
131	285
131	286
131	287
131	288
131	289
131	290
132	212
132	213
132	214
132	278
132	279
132	280
132	281
132	282
132	283
132	284
132	285
132	286
132	287
132	288
133	212
133	213
133	214
133	277
133	278
133	279
133	280
133	281
133	282
133	283
133	284
133	285
133	286
133	287
133	288
133	289
134	212
134	213
134	214
134	277
134	278
134	279
134	280
134	281
134	282
134	283
134	284
134	285
134	286
134	287
134	288
134	289
135	212
135	213
135	214
135	277
135	278
135	279
135	280
135	281
135	282
135	283
135	284
135	285
135	286
135	287
135	288
135	289
136	212
136	213
136	214
136	277
136	278
136	279
136	280
136	281
136	282
136	283
136	284
136	285
136	286
136	287
136	288
136	289
137	212
137	213
137	214
137	277
137	278
137	279
137	280
137	281
137	282
137	283
137	284
137	285
137	286
137	287
137	288
137	289
138	212
138	213
138	214
138	277
138	278
138	279
138	280
138	281
138	282
138	283
138	284
138	285
138	286
138	287
138	288
138	289
139	212
139	213
139	214
139	279
139	280
139	281
139	282
139	283
139	284
139	285
139	286
139	287
139	288
139	289
140	212
140	213
140	214
140	278
140	279
140	280
140	281
140	282
140	283
140	284
140	285
140	286
140	287
140	288
140	289
141	212
141	213
141	214
141	279
141	280
141	281
141	282
141	283
141	284
141	285
141	286
141	287
141	288
141	289
142	211
142	212
142	213
142	278
142	279
142	280
142	281
142	282
142	283
142	284
142	285
142	286
142	287
142	288
142	289
143	211
143	212
143	213
143	279
143	280
143	281
143	282
143	283
143	284
143	285
143	286
143	287
143	288
143	289
144	210
144	211
144	212
144	278
144	279
144	280
144	281
144	282
144	283
144	284
144	285
144	286
144	287
144	288
144	289
145	210
145	211
145	212
145	278
145	279
145	280
145	281
145	282
145	283
145	284
145	285
145	286
145	287
145	288
146	210
146	211
146	212
146	278
146	279
146	280
146	281
146	282
146	283
146	284
146	285
146	286
146	287
146	288
147	210
147	211
147	212
147	277
147	278
147	279
147	280
147	281
147	282
147	283
147	284
147	285
147	286
147	287
147	288
147	289
148	210
148	211
148	212
148	277
148	278
148	279
148	280
148	281
148	282
148	283
148	284
148	285
148	286
148	287
148	288
148	289
149	210
149	211
149	212
149	277
149	278
149	279
149	280
149	281
149	282
149	283
149	284
149	285
149	286
149	287
149	288
149	289
150	277
150	278
150	279
150	280
150	281
150	282
150	283
150	284
150	285
150	286
150	287
150	288
150	289
151	210
151	211
151	212
151	277
151	278
151	279
151	280
151	281
151	282
151	283
151	284
151	285
151	286
151	287
151	288
151	289
152	277
152	278
152	279
152	280
152	281
152	282
152	283
152	284
152	285
152	286
152	287
152	288
152	289
153	209
153	210
153	211
153	277
153	278
153	279
153	280
153	281
153	282
153	283
153	284
153	285
153	286
153	287
153	288
153	289
154	209
154	210
154	211
154	277
154	278
154	279
154	280
154	281
154	282
154	283
154	284
154	285
154	286
154	287
154	288
154	289
155	209
155	210
155	211
155	277
155	278
155	279
155	280
155	281
155	282
155	283
155	284
155	285
155	286
155	287
155	288
155	289
156	209
156	210
156	211
156	277
156	278
156	279
156	280
156	281
156	282
156	283
156	284
156	285
156	286
156	287
156	288
156	289
157	209
157	210
157	211
157	277
157	278
157	279
157	280
157	281
157	282
157	283
157	284
157	285
157	286
157	287
157	288
158	209
158	210
158	211
158	277
158	278
158	279
158	280
158	281
158	282
158	283
158	284
158	285
158	286
158	287
159	209
159	210
159	211
159	276
159	277
159	278
159	279
159	280
159	281
159	282
159	283
159	284
159	285
159	286
159	287
160	209
160	210
160	211
160	275
160	276
160	277
160	278
160	279
160	280
160	281
160	282
160	283
160	284
160	285
160	286
160	287
161	209
161	210
161	211
161	275
161	276
161	277
161	278
161	279
161	280
161	281
161	282
161	283
161	284
161	285
161	286
161	287
162	209
162	210
162	211
162	275
162	276
162	277
162	278
162	279
162	280
162	281
162	282
162	283
162	284
162	285
163	209
163	210
163	211
163	275
163	276
163	277
163	278
163	279
163	280
163	281
163	282
163	283
163	284
163	285
163	286
164	209
164	210
164	211
164	275
164	276
164	277
164	278
164	279
164	280
164	281
164	282
164	283
164	284
164	285
165	209
165	210
165	211
165	275
165	276
165	277
165	278
165	279
165	280
165	281
165	282
165	283
165	284
165	285
166	209
166	210
166	211
166	275
166	276
166	277
166	278
166	279
166	280
166	281
166	282
166	283
166	284
166	285
167	209
167	210
167	211
167	274
167	275
167	276
167	277
167	278
167	279
167	280
167	281
167	282
167	283
167	284
168	209
168	210
168	211
168	274
168	275
168	276
168	277
168	278
168	279
168	280
168	281
168	282
168	283
168	284
168	285
169	209
169	210
169	211
169	274
169	275
169	276
169	277
169	278
169	279
169	280
169	281
169	282
169	283
169	284
169	285
170	209
170	210
170	211
170	274
170	275
170	276
170	277
170	278
170	279
170	280
170	281
170	282
170	283
170	284
171	208
171	209
171	210
171	274
171	275
171	276
171	277
171	278
171	279
171	280
171	281
171	282
171	283
171	284
172	207
172	208
172	209
172	273
172	274
172	275
172	276
172	277
172	278
172	279
172	280
172	281
172	282
172	283
172	284
173	207
173	208
173	209
173	273
173	274
173	275
173	276
173	277
173	278
173	279
173	280
173	281
173	282
173	283
173	284
174	207
174	208
174	209
174	273
174	274
174	275
174	276
174	277
174	278
174	279
174	280
174	281
174	282
174	283
174	284
175	207
175	208
175	209
175	273
175	274
175	275
175	276
175	277
175	278
175	279
175	280
175	281
175	282
175	283
175	284
176	207
176	208
176	209
176	273
176	274
176	275
176	276
176	277
176	278
176	279
176	280
176	281
176	282
176	283
177	207
177	208
177	209
177	273
177	274
177	275
177	276
177	277
177	278
177	279
177	280
177	281
177	282
177	283
178	207
178	208
178	209
178	273
178	274
178	275
178	276
178	277
178	278
178	279
178	280
178	281
178	282
178	283
179	207
179	208
179	209
179	273
179	274
179	275
179	276
179	277
179	278
179	279
179	280
179	281
179	282
179	283
180	207
180	208
180	209
180	272
180	273
180	274
180	275
180	276
180	277
180	278
180	279
180	280
180	281
180	282
180	283
181	207
181	208
181	209
181	272
181	273
181	274
181	275
181	276
181	277
181	278
181	279
181	280
181	281
181	282
181	283
182	207
182	208
182	209
182	272
182	273
182	274
182	275
182	276
182	277
182	278
182	279
182	280
182	281
182	282
183	207
183	208
183	209
183	272
183	273
183	274
183	275
183	276
183	277
183	278
183	279
183	280
183	281
183	282
183	283
184	207
184	208
184	209
184	272
184	273
184	274
184	275
184	276
184	277
184	278
184	279
184	280
184	281
184	282
185	207
185	208
185	209
185	272
185	273
185	274
185	275
185	276
185	277
185	278
185	279
185	280
185	281
185	282
186	207
186	208
186	209
186	272
186	273
186	274
186	275
186	276
186	277
186	278
186	279
186	280
186	281
186	282
187	207
187	208
187	209
187	272
187	273
187	274
187	275
187	276
187	277
187	278
187	279
187	280
187	281
187	282
188	207
188	208
188	209
188	272
188	273
188	274
188	275
188	276
188	277
188	278
188	279
188	280
188	281
188	282
189	207
189	208
189	209
189	272
189	273
189	274
189	275
189	276
189	277
189	278
189	279
189	280
189	281
189	282
190	206
190	207
190	208
190	271
190	272
190	273
190	274
190	275
190	276
190	277
190	278
190	279
190	280
190	281
190	282
191	205
191	206
191	207
191	271
191	272
191	273
191	274
191	275
191	276
191	277
191	278
191	279
191	280
191	281
191	282
192	205
192	206
192	207
192	271
192	272
192	273
192	274
192	275
192	276
192	277
192	278
192	279
192	280
192	281
193	205
193	206
193	207
193	271
193	272
193	273
193	274
193	275
193	276
193	277
193	278
193	279
193	280
193	281
193	282
194	205
194	206
194	207
194	271
194	272
194	273
194	274
194	275
194	276
194	277
194	278
194	279
194	280
194	281
194	282
195	205
195	206
195	207
195	271
195	272
195	273
195	274
195	275
195	276
195	277
195	278
195	279
195	280
195	281
195	282
196	271
196	272
196	273
196	274
196	275
196	276
196	277
196	278
196	279
196	280
196	281
196	282
197	205
197	206
197	207
197	271
197	272
197	273
197	274
197	275
197	276
197	277
197	278
197	279
197	280
197	281
197	282
198	205
198	206
198	207
198	272
198	273
198	274
198	275
198	276
198	277
198	278
198	279
198	280
198	281
198	282
199	205
199	206
199	207
199	270
199	271
199	272
199	273
199	274
199	275
199	276
199	277
199	278
199	279
199	280
199	281
200	205
200	206
200	207
200	271
200	272
200	273
200	274
200	275
200	276
200	277
200	278
200	279
200	280
200	281
201	205
201	206
201	207
201	270
201	271
201	272
201	273
201	274
201	275
201	276
201	277
201	278
201	279
201	280
201	281
202	205
202	206
202	207
202	270
202	271
202	272
202	273
202	274
202	275
202	276
202	277
202	278
202	279
202	280
202	281
203	204
203	205
203	206
203	271
203	272
203	273
203	274
203	275
203	276
203	277
203	278
203	279
203	280
203	281
204	203
204	204
204	205
204	269
204	270
204	271
204	272
204	273
204	274
204	275
204	276
204	277
204	278
204	279
204	280
204	281
205	269
205	270
205	271
205	272
205	273
205	274
205	275
205	276
205	277
205	278
205	279
205	280
205	281
206	203
206	204
206	205
206	269
206	270
206	271
206	272
206	273
206	274
206	275
206	276
206	277
206	278
206	279
206	280
206	281
207	203
207	204
207	205
207	269
207	270
207	271
207	272
207	273
207	274
207	275
207	276
207	277
207	278
207	279
207	280
208	203
208	204
208	205
208	269
208	270
208	271
208	272
208	273
208	274
208	275
208	276
208	277
208	278
208	279
209	203
209	204
209	205
209	270
209	271
209	272
209	273
209	274
209	275
209	276
209	277
209	278
209	279
209	280
210	203
210	204
210	205
210	268
210	269
210	270
210	271
210	272
210	273
210	274
210	275
210	276
210	277
210	278
210	279
210	280
211	203
211	204
211	205
211	268
211	269
211	270
211	271
211	272
211	273
211	274
211	275
211	276
211	277
211	278
211	279
211	280
212	203
212	204
212	205
212	268
212	269
212	270
212	271
212	272
212	273
212	274
212	275
212	276
212	277
212	278
212	279
212	280
213	203
213	204
213	205
213	268
213	269
213	270
213	271
213	272
213	273
213	274
213	275
213	276
213	277
213	278
213	279
213	280
214	203
214	204
214	205
214	268
214	269
214	270
214	271
214	272
214	273
214	274
214	275
214	276
214	277
214	278
214	279
214	280
215	203
215	204
215	205
215	268
215	269
215	270
215	271
215	272
215	273
215	274
215	275
215	276
215	277
215	278
215	279
215	280
216	203
216	204
216	205
216	267
216	268
216	269
216	270
216	271
216	272
216	273
216	274
216	275
216	276
216	277
216	278
216	279
216	280
217	203
217	204
217	205
217	267
217	268
217	269
217	270
217	271
217	272
217	273
217	274
217	275
217	276
217	277
217	278
217	279
218	203
218	204
218	205
218	268
218	269
218	270
218	271
218	272
218	273
218	274
218	275
218	276
218	277
218	278
219	203
219	204
219	205
219	266
219	267
219	268
219	269
219	270
219	271
219	272
219	273
219	274
219	275
219	276
219	277
219	278
220	203
220	204
220	205
220	268
220	269
220	270
220	271
220	272
220	273
220	274
220	275
220	276
220	277
220	278
221	203
221	204
221	205
221	266
221	267
221	268
221	269
221	270
221	271
221	272
221	273
221	274
221	275
221	276
221	277
221	278
222	203
222	204
222	205
222	266
222	267
222	268
222	269
222	270
222	271
222	272
222	273
222	274
222	275
222	276
222	277
222	278
223	203
223	204
223	205
223	266
223	267
223	268
223	269
223	270
223	271
223	272
223	273
223	274
223	275
223	276
223	277
223	278
224	203
224	204
224	205
224	266
224	267
224	268
224	269
224	270
224	271
224	272
224	273
224	274
224	275
224	276
224	277
225	203
225	204
225	205
225	265
225	266
225	267
225	268
225	269
225	270
225	271
225	272
225	273
225	274
225	275
225	276
225	277
226	203
226	204
226	205
226	265
226	266
226	267
226	268
226	269
226	270
226	271
226	272
226	273
226	274
226	275
226	276
226	277
227	202
227	203
227	204
227	265
227	266
227	267
227	268
227	269
227	270
227	271
227	272
227	273
227	274
227	275
227	276
227	277
228	202
228	203
228	204
228	265
228	266
228	267
228	268
228	269
228	270
228	271
228	272
228	273
228	274
228	275
228	276
228	277
229	201
229	202
229	203
229	265
229	266
229	267
229	268
229	269
229	270
229	271
229	272
229	273
229	274
229	275
230	201
230	202
230	203
230	265
230	266
230	267
230	268
230	269
230	270
230	271
230	272
230	273
230	274
230	275
230	276
231	201
231	202
231	203
231	265
231	266
231	267
231	268
231	269
231	270
231	271
231	272
231	273
231	274
231	275
231	276
232	201
232	202
232	203
232	265
232	266
232	267
232	268
232	269
232	270
232	271
232	272
232	273
232	274
232	275
232	276
233	201
233	202
233	203
233	265
233	266
233	267
233	268
233	269
233	270
233	271
233	272
233	273
233	274
233	275
234	201
234	202
234	203
234	265
234	266
234	267
234	268
234	269
234	270
234	271
234	272
234	273
234	274
234	275
235	201
235	202
235	203
235	265
235	266
235	267
235	268
235	269
235	270
235	271
235	272
235	273
235	274
235	275
236	201
236	202
236	203
236	265
236	266
236	267
236	268
236	269
236	270
236	271
236	272
236	273
236	274
236	275
237	201
237	202
237	203
237	264
237	265
237	266
237	267
237	268
237	269
237	270
237	271
237	272
237	273
237	274
237	275
238	201
238	202
238	203
238	264
238	265
238	266
238	267
238	268
238	269
238	270
238	271
238	272
238	273
238	274
238	275
239	201
239	202
239	203
239	264
239	265
239	266
239	267
239	268
239	269
239	270
239	271
239	272
239	273
239	274
239	275
240	201
240	202
240	203
240	264
240	265
240	266
240	267
240	268
240	269
240	270
240	271
240	272
240	273
240	274
240	275
241	201
241	202
241	203
241	263
241	264
241	265
241	266
241	267
241	268
241	269
241	270
241	271
241	272
241	273
241	274
242	201
242	202
242	203
242	263
242	264
242	265
242	266
242	267
242	268
242	269
242	270
242	271
242	272
242	273
242	274
243	201
243	202
243	203
243	263
243	264
243	265
243	266
243	267
243	268
243	269
243	270
243	271
243	272
243	273
243	274
244	201
244	202
244	203
244	263
244	264
244	265
244	266
244	267
244	268
244	269
244	270
244	271
244	272
244	273
244	274
245	263
245	264
245	265
245	266
245	267
245	268
245	269
245	270
245	271
245	272
245	273
246	200
246	201
246	202
246	263
246	264
246	265
246	266
246	267
246	268
246	269
246	270
246	271
246	272
246	273
247	200
247	201
247	202
247	263
247	264
247	265
247	266
247	267
247	268
247	269
247	270
247	271
247	272
247	273
248	199
248	200
248	201
248	202
248	263
248	264
248	265
248	266
248	267
248	268
248	269
248	270
248	271
248	272
248	273
249	199
249	200
249	201
249	262
249	263
249	264
249	265
249	266
249	267
249	268
249	269
249	270
249	271
249	272
249	273
250	199
250	200
250	201
250	262
250	263
250	264
250	265
250	266
250	267
250	268
250	269
250	270
250	271
250	272
251	199
251	200
251	201
251	262
251	263
251	264
251	265
251	266
251	267
251	268
251	269
251	270
251	271
251	272
252	199
252	200
252	201
252	262
252	263
252	264
252	265
252	266
252	267
252	268
252	269
252	270
252	271
252	272
253	199
253	200
253	201
253	261
253	262
253	263
253	264
253	265
253	266
253	267
253	268
253	269
253	270
253	271
254	199
254	200
254	201
254	261
254	262
254	263
254	264
254	265
254	266
254	267
254	268
254	269
254	270
254	271
254	272
255	199
255	200
255	201
255	261
255	262
255	263
255	264
255	265
255	266
255	267
255	268
255	269
255	270
255	271
256	198
256	199
256	200
256	201
256	261
256	262
256	263
256	264
256	265
256	266
256	267
256	268
256	269
256	270
256	271
257	198
257	199
257	200
257	201
257	261
257	262
257	263
257	264
257	265
257	266
257	267
257	268
257	269
257	270
257	271
258	198
258	199
258	200
258	201
258	259
258	260
258	261
258	262
258	263
258	264
258	265
258	266
258	267
258	268
258	269
258	270
259	198
259	199
259	200
259	201
259	259
259	260
259	261
259	262
259	263
259	264
259	265
259	266
259	267
259	268
259	269
260	198
260	199
260	200
260	201
260	259
260	260
260	261
260	262
260	263
260	264
260	265
260	266
260	267
260	268
260	269
261	198
261	199
261	200
261	201
261	259
261	260
261	261
261	262
261	263
261	264
261	265
261	266
261	267
261	268
261	269
262	198
262	199
262	200
262	201
262	259
262	260
262	261
262	262
262	263
262	264
262	265
262	266
262	267
262	268
262	269
263	197
263	198
263	199
263	200
263	201
263	258
263	259
263	260
263	261
263	262
263	263
263	264
263	265
263	266
263	267
263	268
263	269
264	197
264	198
264	199
264	200
264	201
264	258
264	259
264	260
264	261
264	262
264	263
264	264
264	265
264	266
264	267
264	268
264	269
265	197
265	198
265	199
265	200
265	201
265	258
265	259
265	260
265	261
265	262
265	263
265	264
265	265
265	266
265	267
265	268
265	269
266	197
266	198
266	199
266	200
266	201
266	258
266	259
266	260
266	261
266	262
266	263
266	264
266	265
266	266
266	267
266	268
266	269
267	197
267	198
267	199
267	200
267	201
267	258
267	259
267	260
267	261
267	262
267	263
267	264
267	265
267	266
267	267
267	268
267	269
268	197
268	198
268	199
268	200
268	201
268	258
268	259
268	260
268	261
268	262
268	263
268	264
268	265
268	266
268	267
268	268
268	269
269	197
269	198
269	199
269	200
269	258
269	259
269	260
269	261
269	262
269	263
269	264
269	265
269	266
269	267
269	268
269	269
270	197
270	198
270	199
270	200
270	258
270	259
270	260
270	261
270	262
270	263
270	264
270	265
270	266
270	267
270	268
270	269
271	197
271	198
271	199
271	200
271	258
271	259
271	260
271	261
271	262
271	263
271	264
271	265
271	266
271	267
271	268
271	269
272	197
272	198
272	199
272	200
272	258
272	259
272	260
272	261
272	262
272	263
272	264
272	265
272	266
272	267
272	268
273	197
273	198
273	199
273	200
273	258
273	259
273	260
273	261
273	262
273	263
273	264
273	265
273	266
273	267
273	268
273	269
274	197
274	198
274	199
274	200
274	258
274	259
274	260
274	261
274	262
274	263
274	264
274	265
274	266
274	267
274	268
274	269
275	197
275	198
275	199
275	200
275	258
275	259
275	260
275	261
275	262
275	263
275	264
275	265
275	266
275	267
275	268
275	269
276	197
276	198
276	199
276	200
276	256
276	257
276	258
276	259
276	260
276	261
276	262
276	263
276	264
276	265
276	266
276	267
276	268
276	269
277	197
277	198
277	199
277	200
277	256
277	257
277	258
277	259
277	260
277	261
277	262
277	263
277	264
277	265
277	266
277	267
277	268
278	197
278	198
278	199
278	200
278	256
278	257
278	258
278	259
278	260
278	261
278	262
278	263
278	264
278	265
278	266
279	197
279	198
279	199
279	256
279	257
279	258
279	259
279	260
279	261
279	262
279	263
279	264
279	265
279	266
279	267
280	197
280	198
280	199
280	256
280	257
280	258
280	259
280	260
280	261
280	262
280	263
280	264
280	265
280	266
280	267
281	197
281	198
281	199
281	256
281	257
281	258
281	259
281	260
281	261
281	262
281	263
281	264
281	265
281	266
281	267
282	197
282	198
282	199
282	256
282	257
282	258
282	259
282	260
282	261
282	262
282	263
282	264
282	265
282	266
282	267
283	196
283	197
283	198
283	199
283	257
283	258
283	259
283	260
283	261
283	262
283	263
283	264
283	265
283	266
283	267
284	196
284	197
284	198
284	199
284	256
284	257
284	258
284	259
284	260
284	261
284	262
284	263
284	264
284	265
284	266
284	267
285	196
285	197
285	198
285	199
285	257
285	258
285	259
285	260
285	261
285	262
285	263
285	264
285	265
285	266
285	267
286	195
286	196
286	197
286	198
286	199
286	255
286	256
286	257
286	258
286	259
286	260
286	261
286	262
286	263
286	264
286	265
286	266
286	267
287	195
287	196
287	197
287	198
287	199
287	254
287	255
287	256
287	257
287	258
287	259
287	260
287	261
287	262
287	263
287	264
287	265
287	266
287	267
288	197
288	198
288	199
288	254
288	255
288	256
288	257
288	258
288	259
288	260
288	261
288	262
288	263
288	264
288	265
288	266
288	267
289	195
289	196
289	197
289	198
289	199
289	254
289	255
289	256
289	257
289	258
289	259
289	260
289	261
289	262
289	263
289	264
289	265
289	266
289	267
290	194
290	195
290	196
290	197
290	198
290	199
290	254
290	255
290	256
290	257
290	258
290	259
290	260
290	261
290	262
290	263
290	264
290	265
290	266
290	267
291	194
291	195
291	196
291	197
291	198
291	199
291	254
291	255
291	256
291	257
291	258
291	259
291	260
291	261
291	262
291	263
291	264
291	265
291	266
291	267
292	194
292	195
292	196
292	197
292	198
292	199
292	254
292	255
292	256
292	257
292	258
292	259
292	260
292	261
292	262
292	263
292	264
293	194
293	195
293	196
293	197
293	198
293	199
293	254
293	255
293	256
293	257
293	258
293	259
293	260
293	261
293	262
293	263
293	264
293	265
293	266
294	194
294	195
294	196
294	197
294	198
294	199
294	254
294	255
294	256
294	257
294	258
294	259
294	260
294	261
294	262
294	263
294	264
294	265
294	266
295	194
295	195
295	196
295	197
295	198
295	199
295	254
295	255
295	256
295	257
295	258
295	259
295	260
295	261
295	262
295	263
295	264
295	265
295	266
296	194
296	195
296	196
296	197
296	198
296	254
296	255
296	256
296	257
296	258
296	259
296	260
296	261
296	262
296	263
296	264
296	265
296	266
297	194
297	195
297	196
297	197
297	198
297	255
297	256
297	257
297	258
297	259
297	260
297	261
297	262
297	263
297	264
297	265
298	194
298	195
298	196
298	197
298	198
298	199
298	254
298	255
298	256
298	257
298	258
298	259
298	260
298	261
298	262
298	263
298	264
298	265
299	194
299	195
299	196
299	197
299	198
299	254
299	255
299	256
299	257
299	258
299	259
299	260
299	261
299	262
299	263
299	264
300	194
300	195
300	196
300	197
300	198
300	252
300	253
300	254
300	255
300	256
300	257
300	258
300	259
300	260
300	261
300	262
300	263
300	264
301	194
301	195
301	196
301	197
301	198
301	199
301	252
301	253
301	254
301	255
301	256
301	257
301	258
301	259
301	260
301	261
301	262
301	263
301	264
302	194
302	195
302	196
302	197
302	252
302	253
302	254
302	255
302	256
302	257
302	258
302	259
302	260
302	261
302	262
302	263
302	264
303	194
303	195
303	196
303	197
303	252
303	253
303	254
303	255
303	256
303	257
303	258
303	259
303	260
303	261
303	262
303	263
303	264
304	194
304	195
304	196
304	197
304	252
304	253
304	254
304	255
304	256
304	257
304	258
304	259
304	260
304	261
304	262
304	263
305	194
305	195
305	196
305	197
305	198
305	199
305	251
305	252
305	253
305	254
305	255
305	256
305	257
305	258
305	259
305	260
305	261
305	262
305	263
306	194
306	195
306	196
306	253
306	254
306	255
306	256
306	257
306	258
306	259
306	260
306	261
306	262
306	263
307	194
307	195
307	196
307	250
307	251
307	252
307	253
307	254
307	255
307	256
307	257
307	258
307	259
307	260
307	261
307	262
307	263
308	194
308	195
308	196
308	197
308	198
308	199
308	253
308	254
308	255
308	256
308	257
308	258
308	259
308	260
308	261
308	262
308	263
309	194
309	195
309	196
309	250
309	251
309	252
309	253
309	254
309	255
309	256
309	257
309	258
309	259
309	260
309	261
309	262
309	263
310	194
310	195
310	196
310	250
310	251
310	252
310	253
310	254
310	255
310	256
310	257
310	258
310	259
310	260
310	261
310	262
310	263
311	194
311	195
311	196
311	250
311	251
311	252
311	253
311	254
311	255
311	256
311	257
311	258
311	259
311	260
311	261
311	262
312	194
312	195
312	196
312	250
312	251
312	252
312	253
312	254
312	255
312	256
312	257
312	258
312	259
312	260
312	261
312	262
313	194
313	195
313	196
313	197
313	198
313	199
313	250
313	251
313	252
313	253
313	254
313	255
313	256
313	257
313	258
313	259
313	260
313	261
313	262
314	193
314	194
314	195
314	196
314	250
314	251
314	252
314	253
314	254
314	255
314	256
314	257
314	258
314	259
314	260
314	261
314	262
315	192
315	193
315	194
315	195
315	196
315	197
315	198
315	199
315	250
315	251
315	252
315	253
315	254
315	255
315	256
315	257
315	258
315	259
315	260
315	261
316	192
316	193
316	194
316	195
316	196
316	197
316	198
316	199
316	250
316	251
316	252
316	253
316	254
316	255
316	256
316	257
316	258
316	259
316	260
316	261
317	192
317	193
317	194
317	196
317	197
317	198
317	199
317	250
317	251
317	252
317	253
317	254
317	255
317	256
317	257
317	258
317	259
317	260
317	261
318	192
318	193
318	194
318	250
318	251
318	252
318	253
318	254
318	255
318	256
318	257
318	258
318	259
318	260
318	261
319	192
319	193
319	194
319	250
319	251
319	252
319	253
319	254
319	255
319	256
319	257
319	258
319	259
319	260
319	261
320	192
320	193
320	194
320	250
320	251
320	252
320	253
320	254
320	255
320	256
320	257
320	258
320	259
320	260
320	261
321	192
321	193
321	194
321	250
321	251
321	252
321	253
321	254
321	255
321	256
321	257
321	258
321	259
321	260
321	261
322	192
322	193
322	194
322	250
322	251
322	252
322	253
322	254
322	255
322	256
322	257
322	258
322	259
322	260
322	261
323	192
323	193
323	194
323	250
323	251
323	252
323	253
323	254
323	255
323	256
323	257
323	258
323	259
323	260
323	261
324	192
324	193
324	194
324	250
324	251
324	252
324	253
324	254
324	255
324	256
324	257
324	258
324	259
324	260
324	261
325	192
325	193
325	194
325	250
325	251
325	252
325	253
325	254
325	255
325	256
325	257
325	258
325	259
325	260
325	261
326	192
326	193
326	194
326	250
326	251
326	252
326	253
326	254
326	255
326	256
326	257
326	258
326	259
326	260
326	261
327	192
327	193
327	194
327	250
327	251
327	252
327	253
327	254
327	255
327	256
327	257
327	258
327	259
327	260
327	261
328	192
328	193
328	194
328	250
328	251
328	252
328	253
328	254
328	255
328	256
328	257
328	258
328	259
328	260
328	261
329	192
329	193
329	194
329	250
329	251
329	252
329	253
329	254
329	255
329	256
329	257
329	258
329	259
329	260
329	261
330	192
330	193
330	194
330	250
330	251
330	252
330	253
330	254
330	255
330	256
330	257
330	258
330	259
330	260
330	261
331	192
331	193
331	194
331	250
331	251
331	252
331	253
331	254
331	255
331	256
331	257
331	258
331	259
331	260
331	261
332	192
332	193
332	194
332	250
332	251
332	252
332	253
332	254
332	255
332	256
332	257
332	258
332	259
332	260
332	261
333	250
333	251
333	252
333	253
333	254
333	255
333	256
333	257
333	258
333	259
333	260
333	261
334	192
334	193
334	194
334	250
334	251
334	252
334	253
334	254
334	255
334	256
334	257
334	258
334	259
334	260
334	261
335	192
335	193
335	194
335	250
335	251
335	252
335	253
335	254
335	255
335	256
335	257
335	258
335	259
335	260
335	261
336	192
336	193
336	194
336	251
336	252
336	253
336	254
336	255
336	256
336	257
336	258
336	259
336	260
336	261
337	191
337	192
337	193
337	250
337	251
337	252
337	253
337	254
337	255
337	256
337	257
337	258
337	259
337	260
337	261
338	191
338	192
338	193
338	249
338	250
338	251
338	252
338	253
338	254
338	255
338	256
338	257
338	258
338	259
338	260
338	261
339	190
339	191
339	192
339	248
339	249
339	250
339	251
339	252
339	253
339	254
339	255
339	256
339	257
339	258
339	259
339	260
339	261
340	190
340	191
340	192
341	190
341	191
341	192
341	248
341	249
341	250
341	251
341	252
341	253
341	254
341	255
341	256
341	257
341	258
341	259
341	260
341	261
342	248
342	249
342	250
342	251
342	252
342	253
342	254
342	255
342	256
342	257
342	258
342	259
342	260
343	189
343	190
343	191
343	248
343	249
343	250
343	251
343	252
343	253
343	254
343	255
343	256
343	257
343	258
343	259
343	260
344	189
344	190
344	191
344	248
344	249
344	250
344	251
344	252
344	253
344	254
344	255
344	256
344	257
344	258
344	259
344	260
345	189
345	190
345	191
345	247
345	248
345	249
345	250
345	251
345	252
345	253
345	254
345	255
345	256
345	257
345	258
345	259
346	189
346	190
346	191
346	247
346	248
346	249
346	250
346	251
346	252
346	253
346	254
346	255
346	256
346	257
347	189
347	190
347	191
347	247
347	248
347	249
347	250
347	251
347	252
347	253
347	254
347	255
347	256
347	257
347	258
347	259
348	189
348	190
348	191
348	246
348	247
348	248
348	249
348	250
348	251
348	252
348	253
348	254
348	255
348	256
348	257
348	258
349	189
349	190
349	191
349	246
349	247
349	248
349	249
349	250
349	251
349	252
349	253
349	254
349	255
349	256
349	257
349	258
350	246
350	247
350	248
350	249
350	250
350	251
350	252
350	253
350	254
350	255
350	256
350	257
350	258
351	189
351	190
351	191
351	246
351	247
351	248
351	249
351	250
351	251
351	252
351	253
351	254
351	255
351	256
351	257
351	258
352	189
352	190
352	191
352	246
352	247
352	248
352	249
352	250
352	251
352	252
352	253
352	254
352	255
352	256
352	257
352	258
353	189
353	190
353	191
353	246
353	247
353	248
353	249
353	250
353	251
353	252
353	253
353	254
353	255
353	256
354	189
354	190
354	191
354	246
354	247
354	248
354	249
354	250
354	251
354	252
354	253
354	254
354	255
354	256
354	257
354	258
355	189
355	190
355	191
355	246
355	247
355	248
355	249
355	250
355	251
355	252
355	253
355	254
355	255
355	256
355	257
355	258
356	189
356	190
356	191
356	246
356	247
356	248
356	249
356	250
356	251
356	252
356	253
356	254
356	255
356	256
356	257
356	258
357	189
357	190
357	191
357	246
357	247
357	248
357	249
357	250
357	251
357	252
357	253
357	254
357	255
357	256
357	257
357	258
358	189
358	190
358	191
358	248
358	249
358	250
358	251
358	252
358	253
358	254
358	255
358	256
358	257
358	258
359	189
359	190
359	191
359	245
359	246
359	247
359	248
359	249
359	250
359	251
359	252
359	253
359	254
359	255
360	189
360	190
360	191
360	245
360	246
360	247
360	248
360	249
360	250
360	251
360	252
360	253
360	254
360	255
360	256
360	257
361	189
361	190
361	191
361	245
361	246
361	247
361	248
361	249
361	250
361	251
361	252
361	253
361	254
361	255
361	256
362	189
362	190
362	191
362	244
362	245
362	246
362	247
362	248
362	249
362	250
362	251
362	252
362	253
362	254
363	189
363	190
363	191
363	244
363	245
363	246
363	247
363	248
363	249
363	250
363	251
363	252
363	253
363	254
363	255
364	189
364	190
364	191
364	244
364	245
364	246
364	247
364	248
364	249
364	250
364	251
364	252
364	253
364	254
364	255
365	189
365	190
365	191
365	244
365	245
365	246
365	247
365	248
365	249
365	250
365	251
365	252
365	253
365	254
366	189
366	190
366	191
366	244
366	245
366	246
366	247
366	248
366	249
366	250
366	251
366	252
366	253
366	254
366	255
367	189
367	190
367	191
367	244
367	245
367	246
367	247
367	248
367	249
367	250
367	251
367	252
367	253
367	254
368	188
368	189
368	190
368	244
368	245
368	246
368	247
368	248
368	249
368	250
368	251
368	252
368	253
368	254
369	188
369	189
369	190
369	244
369	245
369	246
369	247
369	248
369	249
369	250
369	251
369	252
369	253
369	254
369	255
370	188
370	189
370	190
370	244
370	245
370	246
370	247
370	248
370	249
370	250
370	251
370	252
370	253
370	254
371	188
371	189
371	190
371	244
371	245
371	246
371	247
371	248
371	249
371	250
371	251
371	252
371	253
371	254
372	187
372	188
372	189
372	244
372	245
372	246
372	247
372	248
372	249
372	250
372	251
372	252
372	253
372	254
373	187
373	188
373	189
373	244
373	245
373	246
373	247
373	248
373	249
373	250
373	251
373	252
373	253
373	254
374	187
374	188
374	189
374	244
374	245
374	246
374	247
374	248
374	249
374	250
374	251
374	252
374	253
374	254
375	187
375	188
375	189
375	244
375	245
375	246
375	247
375	248
375	249
375	250
375	251
375	252
375	253
375	254
376	187
376	188
376	189
376	244
376	245
376	246
376	247
376	248
376	249
376	250
376	251
376	252
376	253
376	254
377	187
377	188
377	189
377	244
377	245
377	246
377	247
377	248
377	249
377	250
377	251
377	252
377	253
377	254
378	187
378	188
378	189
378	243
378	244
378	245
378	246
378	247
378	248
378	249
378	250
378	251
378	252
378	253
378	254
379	186
379	187
379	188
379	243
379	244
379	245
379	246
379	247
379	248
379	249
379	250
379	251
379	252
379	253
379	254
380	186
380	187
380	188
380	243
380	244
380	245
380	246
380	247
380	248
380	249
380	250
380	251
380	252
380	253
380	254
381	186
381	187
381	188
381	243
381	244
381	245
381	246
381	247
381	248
381	249
381	250
381	251
381	252
381	253
382	186
382	187
382	188
382	243
382	244
382	245
382	246
382	247
382	248
382	249
382	250
382	251
382	252
382	253
383	186
383	187
383	188
383	242
383	243
383	244
383	245
383	246
383	247
383	248
383	249
383	250
383	251
383	252
383	253
384	186
384	187
384	188
384	242
384	243
384	244
384	245
384	246
384	247
384	248
384	249
384	250
384	251
384	252
385	186
385	187
385	188
385	242
385	243
385	244
385	245
385	246
385	247
385	248
385	249
385	250
385	251
385	252
386	186
386	187
386	188
386	242
386	243
386	244
386	245
386	246
386	247
386	248
386	249
386	250
386	251
386	252
387	186
387	187
387	188
387	241
387	242
387	243
387	244
387	245
387	246
387	247
387	248
387	249
387	250
387	251
387	252
388	186
388	187
388	188
388	241
388	242
388	243
388	244
388	245
388	246
388	247
388	248
388	249
388	250
388	251
388	252
389	186
389	187
389	188
389	241
389	242
389	243
389	244
389	245
389	246
389	247
389	248
389	249
389	250
389	251
389	252
390	186
390	187
390	188
390	241
390	242
390	243
390	244
390	245
390	246
390	247
390	248
390	249
390	250
390	251
390	252
391	186
391	187
391	188
391	241
391	242
391	243
391	244
391	245
391	246
391	247
391	248
391	249
391	250
391	251
391	252
392	186
392	187
392	188
392	240
392	241
392	242
392	243
392	244
392	245
392	246
392	247
392	248
392	249
392	250
392	251
392	252
393	186
393	187
393	188
393	240
393	241
393	242
393	243
393	244
393	245
393	246
393	247
393	248
393	249
393	250
394	186
394	187
394	188
394	240
394	241
394	242
394	243
394	244
394	245
394	246
394	247
394	248
394	249
394	250
394	251
394	252
395	186
395	187
395	188
395	240
395	241
395	242
395	243
395	244
395	245
395	246
395	247
395	248
395	249
395	250
395	251
395	252
396	186
396	187
396	188
396	239
396	240
396	241
396	242
396	243
396	244
396	245
396	246
396	247
396	248
396	249
396	250
396	251
396	252
397	186
397	187
397	188
397	238
397	239
397	240
397	241
397	242
397	243
397	244
397	245
397	246
397	247
397	248
397	249
397	250
397	251
397	252
398	186
398	187
398	188
398	238
398	239
398	240
398	241
398	242
398	243
398	244
398	245
398	246
398	247
398	248
398	249
398	250
398	251
398	252
399	186
399	187
399	188
399	238
399	239
399	240
399	241
399	242
399	243
399	244
399	245
399	246
399	247
399	248
399	249
399	250
399	251
399	252
400	186
400	187
400	188
400	238
400	239
400	240
400	241
400	242
400	243
400	244
400	245
400	246
400	247
400	248
400	249
400	250
400	251
401	186
401	187
401	188
401	238
401	239
401	240
401	241
401	242
401	243
401	244
401	245
401	246
401	247
401	248
401	249
401	250
401	251
402	186
402	187
402	188
402	237
402	238
402	239
402	240
402	241
402	242
402	243
402	244
402	245
402	246
402	247
402	248
402	249
402	250
402	251
403	186
403	187
403	188
403	237
403	238
403	239
403	240
403	241
403	242
403	243
403	244
403	245
403	246
403	247
403	248
403	249
403	250
403	251
404	186
404	187
404	188
404	237
404	238
404	239
404	240
404	241
404	242
404	243
404	244
404	245
404	246
404	247
404	248
404	249
404	250
405	186
405	187
405	188
405	236
405	237
405	238
405	239
405	240
405	241
405	242
405	243
405	244
405	245
405	246
405	247
405	248
405	249
405	250
406	186
406	187
406	188
406	240
406	241
406	242
406	243
406	244
406	245
406	246
406	247
406	248
406	249
406	250
407	186
407	187
407	188
407	235
407	236
407	237
407	238
407	239
407	240
407	241
407	242
407	243
407	244
407	245
407	246
407	247
407	248
407	249
408	186
408	187
408	188
408	235
408	236
408	237
408	238
408	239
408	240
408	241
408	242
408	243
408	244
408	245
408	246
408	247
408	248
408	249
409	186
409	187
409	188
409	235
409	236
409	237
409	238
409	239
409	240
409	241
409	242
409	243
409	244
409	245
409	246
409	247
409	248
409	249
410	186
410	187
410	188
410	235
410	236
410	237
410	238
410	239
410	240
410	241
410	242
410	243
410	244
410	245
410	246
410	247
410	248
410	249
411	186
411	187
411	188
411	235
411	236
411	237
411	238
411	239
411	240
411	241
411	242
411	243
411	244
411	245
411	246
411	247
411	248
411	249
412	235
412	236
412	237
412	238
412	239
412	240
412	241
412	242
412	243
412	244
412	245
412	246
412	247
412	248
412	249
413	185
413	186
413	187
413	188
413	235
413	236
413	237
413	238
413	239
413	240
413	241
413	242
413	243
413	244
413	245
413	246
413	247
413	248
414	185
414	186
414	187
414	236
414	237
414	238
414	239
414	240
414	241
414	242
414	243
414	244
414	245
414	246
415	184
415	185
415	186
415	236
415	237
415	238
415	239
415	240
415	241
415	242
415	243
415	244
415	245
415	246
415	247
416	184
416	185
416	186
416	236
416	237
416	238
416	239
416	240
416	241
416	242
416	243
416	244
416	245
416	246
416	247
417	184
417	185
417	186
417	236
417	237
417	238
417	239
417	240
417	241
417	242
417	243
417	244
417	245
417	246
417	247
418	183
418	184
418	185
418	236
418	237
418	238
418	239
418	240
418	241
418	242
418	243
418	244
418	245
418	246
418	247
419	183
419	184
419	185
419	237
419	238
419	239
419	240
419	241
419	242
419	243
419	244
419	245
419	246
419	247
420	183
420	184
420	185
420	237
420	238
420	239
420	240
420	241
420	242
420	243
420	244
420	245
420	246
420	247
421	183
421	184
421	185
421	237
421	238
421	239
421	240
421	241
421	242
421	243
421	244
421	245
421	246
421	247
422	183
422	184
422	185
422	237
422	238
422	239
422	240
422	241
422	242
422	243
422	244
422	245
422	246
422	247
423	183
423	184
423	185
423	237
423	238
423	239
423	240
423	241
423	242
423	243
423	244
423	245
423	246
423	247
424	183
424	184
424	185
424	237
424	238
424	239
424	240
424	241
424	242
424	243
424	244
424	245
424	246
424	247
425	183
425	184
425	185
425	237
425	238
425	239
425	240
425	241
425	242
425	243
425	244
425	245
425	246
425	247
426	183
426	184
426	185
426	237
426	238
426	239
426	240
426	241
426	242
426	243
426	244
426	245
426	246
426	247
427	183
427	184
427	185
427	236
427	237
427	238
427	239
427	240
427	241
427	242
427	243
427	244
427	245
427	246
428	183
428	184
428	185
428	235
428	236
428	237
428	238
428	239
428	240
428	241
428	242
428	243
428	244
428	245
428	246
429	183
429	184
429	185
429	235
429	236
429	237
429	238
429	239
429	240
429	241
429	242
429	243
429	244
429	245
429	246
430	183
430	184
430	185
430	235
430	236
430	237
430	238
430	239
430	240
430	241
430	242
430	243
430	244
430	245
430	246
431	183
431	184
431	185
431	236
431	237
431	238
431	239
431	240
431	241
431	242
431	243
431	244
431	245
431	246
432	183
432	184
432	185
432	235
432	236
432	237
432	238
432	239
432	240
432	241
432	242
432	243
432	244
432	245
432	246
433	183
433	184
433	185
433	235
433	236
433	237
433	238
433	239
433	240
433	241
433	242
433	243
433	244
433	245
433	246
434	183
434	184
434	185
434	235
434	236
434	237
434	238
434	239
434	240
434	241
434	242
434	243
434	244
434	245
434	246
435	183
435	184
435	185
435	235
435	236
435	237
435	238
435	239
435	240
435	241
435	242
435	243
435	244
435	245
435	246
436	183
436	184
436	185
436	235
436	236
436	237
436	238
436	239
436	240
436	241
436	242
436	243
436	244
436	245
436	246
437	183
437	184
437	185
437	235
437	236
437	237
437	238
437	239
437	240
437	241
437	242
437	243
437	244
437	245
437	246
438	183
438	184
438	185
438	235
438	236
438	237
438	238
438	239
438	240
438	241
438	242
438	243
438	244
438	245
438	246
439	183
439	184
439	185
439	234
439	235
439	236
439	237
439	238
439	239
439	240
439	241
439	242
439	243
439	244
439	245
439	246
440	183
440	184
440	185
440	233
440	234
440	235
440	236
440	237
440	238
440	239
440	240
440	241
440	242
440	243
440	244
440	245
440	246
441	183
441	184
441	185
441	233
441	234
441	235
441	236
441	237
441	238
441	239
441	240
441	241
441	242
441	243
441	244
441	245
441	246
442	183
442	184
442	185
442	233
442	234
442	235
442	236
442	237
442	238
442	239
442	240
442	241
442	242
442	243
442	244
442	245
442	246
443	183
443	184
443	185
443	233
443	234
443	235
443	236
443	237
443	238
443	239
443	240
443	241
443	242
443	243
443	244
443	245
443	246
444	183
444	184
444	185
444	236
444	237
444	238
444	239
444	240
444	241
444	242
444	243
444	244
444	245
444	246
445	231
445	232
445	233
445	234
445	235
445	236
445	237
445	238
445	239
445	240
445	241
445	242
445	243
445	244
445	245
446	181
446	182
446	183
446	184
446	231
446	232
446	233
446	234
446	235
446	236
446	237
446	238
446	239
446	240
446	241
447	181
447	182
447	183
447	231
447	232
447	233
447	234
447	235
447	236
447	237
447	238
447	239
447	240
447	241
447	242
447	243
447	244
447	245
448	181
448	182
448	183
448	231
448	232
448	233
448	234
448	235
448	236
448	237
448	238
448	239
448	240
448	241
448	242
448	243
448	244
448	245
449	181
449	182
449	183
449	231
449	232
449	233
449	234
449	235
449	236
449	237
449	238
449	239
449	240
449	241
449	242
449	243
449	244
449	245
450	181
450	182
450	183
450	231
450	232
450	233
450	234
450	235
450	236
450	237
450	238
450	239
450	240
450	241
450	242
450	243
450	244
451	181
451	182
451	183
451	231
451	232
451	233
451	234
451	235
451	236
451	237
451	238
451	239
451	240
451	241
451	242
451	243
451	244
452	181
452	182
452	183
452	231
452	232
452	233
452	234
452	235
452	236
452	237
452	238
452	239
452	240
452	241
452	242
452	243
452	244
453	181
453	182
453	183
453	231
453	232
453	233
453	234
453	235
453	236
453	237
453	238
453	239
453	240
453	241
453	242
453	243
454	181
454	182
454	183
454	231
454	232
454	233
454	234
454	235
454	236
454	237
454	238
454	239
454	240
454	241
454	242
454	243
455	181
455	182
455	183
455	231
455	232
455	233
455	234
455	235
455	236
455	237
455	238
455	239
455	240
455	241
455	242
455	243
456	181
456	182
456	183
456	231
456	232
456	233
456	234
456	235
456	236
456	237
456	238
456	239
456	240
456	241
456	242
456	243
457	181
457	182
457	183
457	231
457	232
457	233
457	234
457	235
457	236
457	237
457	238
457	239
457	240
457	241
457	242
458	181
458	182
458	183
458	231
458	232
458	233
458	234
458	235
458	236
458	237
458	238
458	239
458	240
458	241
459	181
459	182
459	183
459	231
459	232
459	233
459	234
459	235
459	236
459	237
459	238
459	239
459	240
459	241
459	242
460	181
460	182
460	183
460	231
460	232
460	233
460	234
460	235
460	236
460	237
460	238
460	239
460	240
460	241
461	181
461	182
461	183
461	231
461	232
461	233
461	234
461	235
461	236
461	237
461	238
461	239
461	240
461	241
462	181
462	182
462	183
462	231
462	232
462	233
462	234
462	235
462	236
462	237
462	238
462	239
462	240
462	241
463	181
463	182
463	183
463	231
463	232
463	233
463	234
463	235
463	236
463	237
463	238
463	239
463	240
463	241
464	181
464	182
464	183
464	231
464	232
464	233
464	234
464	235
464	236
464	237
464	238
464	239
464	240
464	241
465	181
465	182
465	183
465	231
465	232
465	233
465	234
465	235
465	236
465	237
465	238
465	239
465	240
465	241
466	181
466	182
466	183
466	231
466	232
466	233
466	234
466	235
466	236
466	237
466	238
466	239
466	240
466	241
467	181
467	182
467	183
467	231
467	232
467	233
467	234
467	235
467	236
467	237
467	238
467	239
467	240
467	241
468	181
468	182
468	183
468	231
468	232
468	233
468	234
468	235
468	236
468	237
468	238
468	239
468	240
468	241
469	181
469	182
469	183
469	230
469	231
469	232
469	233
469	234
469	235
469	236
469	237
469	238
469	239
469	240
470	181
470	182
470	183
470	229
470	230
470	231
470	232
470	233
470	234
470	235
470	236
470	237
470	238
470	239
470	240
471	181
471	182
471	183
471	229
471	230
471	231
471	232
471	233
471	234
471	235
471	236
471	237
471	238
471	239
471	240
472	181
472	182
472	183
472	229
472	230
472	231
472	232
472	233
472	234
472	235
472	236
472	237
472	238
472	239
472	240
473	181
473	182
473	183
473	228
473	229
473	230
473	231
473	232
473	233
473	234
473	235
473	236
473	237
473	238
473	239
473	240
474	181
474	182
474	183
474	228
474	229
474	230
474	231
474	232
474	233
474	234
474	235
474	236
474	237
474	238
475	181
475	182
475	183
475	228
475	229
475	230
475	231
475	232
475	233
475	234
475	235
475	236
475	237
475	238
475	239
476	181
476	182
476	183
476	228
476	229
476	230
476	231
476	232
476	233
476	234
476	235
476	236
476	237
476	238
477	181
477	182
477	183
477	228
477	229
477	230
477	231
477	232
477	233
477	234
477	235
477	236
477	237
477	238
478	180
478	181
478	182
478	183
478	228
478	229
478	230
478	231
478	232
478	233
478	234
478	235
478	236
478	237
478	238
479	180
479	181
479	182
479	228
479	229
479	230
479	231
479	232
479	233
479	234
479	235
479	236
479	237
479	238
480	228
480	229
480	230
480	231
480	232
480	233
480	234
480	235
480	236
480	237
480	238
481	179
481	180
481	181
481	228
481	229
481	230
481	231
481	232
481	233
481	234
481	235
481	236
481	237
481	238
482	179
482	180
482	181
482	228
482	229
482	230
482	231
482	232
482	233
482	234
482	235
482	236
482	237
482	238
483	179
483	180
483	181
483	228
483	229
483	230
483	231
483	232
483	233
483	234
483	235
483	236
483	237
483	238
484	179
484	180
484	181
484	228
484	229
484	230
484	231
484	232
484	233
484	234
484	235
484	236
484	237
484	238
485	179
485	180
485	181
485	228
485	229
485	230
485	231
485	232
485	233
485	234
485	235
485	236
485	237
485	238
486	179
486	180
486	181
486	182
486	228
486	229
486	230
486	231
486	232
486	233
486	234
486	235
486	236
486	237
486	238
487	179
487	180
487	181
487	182
487	228
487	229
487	230
487	231
487	232
487	233
487	234
487	235
487	236
487	237
487	238
488	178
488	179
488	180
488	181
488	182
488	227
488	228
488	229
488	230
488	231
488	232
488	233
488	234
488	235
488	236
488	237
488	238
489	178
489	179
489	180
489	227
489	228
489	229
489	230
489	231
489	232
489	233
489	234
489	235
489	236
489	237
489	238
490	178
490	179
490	180
490	181
490	182
490	227
490	228
490	229
490	230
490	231
490	232
490	233
490	234
490	235
490	236
490	237
490	238
491	178
491	179
491	180
491	181
491	227
491	228
491	229
491	230
491	231
491	232
491	233
491	234
491	235
491	236
491	237
491	238
492	178
492	179
492	180
492	181
492	227
492	228
492	229
492	230
492	231
492	232
492	233
492	234
492	235
492	236
492	237
492	238
493	178
493	179
493	180
493	181
493	227
493	228
493	229
493	230
493	231
493	232
493	233
493	234
493	235
493	236
493	237
493	238
494	178
494	179
494	180
494	181
494	227
494	228
494	229
494	230
494	231
494	232
494	233
494	234
494	235
494	236
494	237
494	238
495	178
495	179
495	180
495	181
495	227
495	228
495	229
495	230
495	231
495	232
495	233
495	234
495	235
495	236
495	237
495	238
496	178
496	179
496	180
496	181
496	227
496	228
496	229
496	230
496	231
496	232
496	233
496	234
496	235
496	236
496	237
496	238
497	178
497	179
497	180
497	181
497	226
497	227
497	228
497	229
497	230
497	231
497	232
497	233
497	234
497	235
497	236
497	237
497	238
498	178
498	179
498	180
498	226
498	227
498	228
498	229
498	230
498	231
498	232
498	233
498	234
498	235
498	236
498	237
498	238
499	178
499	179
499	180
499	226
499	227
499	228
499	229
499	230
499	231
499	232
499	233
499	234
499	235
499	236
499	237
499	238
500	178
500	179
500	180
500	226
500	227
500	228
500	229
500	230
500	231
500	232
500	233
500	234
500	235
500	236
500	237
500	238
501	178
501	179
501	180
501	225
501	226
501	227
501	228
501	229
501	230
501	231
501	232
501	233
501	234
501	235
501	236
501	237
501	238
502	178
502	179
502	180
502	225
502	226
502	227
502	228
502	229
502	230
502	231
502	232
502	233
502	234
502	235
502	236
502	237
502	238
503	178
503	179
503	180
503	225
503	226
503	227
503	228
503	229
503	230
503	231
503	232
503	233
503	234
503	235
503	236
503	237
503	238
504	178
504	179
504	180
504	225
504	226
504	227
504	228
504	229
504	230
504	231
504	232
504	233
504	234
504	235
504	236
504	237
504	238
505	178
505	179
505	180
505	225
505	226
505	227
505	228
505	229
505	230
505	231
505	232
505	233
505	234
505	235
505	236
505	237
505	238
506	178
506	179
506	180
506	225
506	226
506	227
506	228
506	229
506	230
506	231
506	232
506	233
506	234
506	235
506	236
506	237
507	177
507	178
507	179
507	225
507	226
507	227
507	228
507	229
507	230
507	231
507	232
507	233
507	234
507	235
507	236
507	237
508	177
508	178
508	179
508	225
508	226
508	227
508	228
508	229
508	230
508	231
508	232
508	233
508	234
508	235
508	236
508	237
509	225
509	226
509	227
509	228
509	229
509	230
509	231
509	232
509	233
509	234
509	235
509	236
509	237
510	176
510	177
510	178
510	225
510	226
510	227
510	228
510	229
510	230
510	231
510	232
510	233
510	234
510	235
511	176
511	177
511	178
511	225
511	226
511	227
511	228
511	229
511	230
511	231
511	232
511	233
511	234
511	235
511	236
511	237
512	176
512	177
512	178
512	225
512	226
512	227
512	228
512	229
512	230
512	231
512	232
512	233
512	234
512	235
512	236
513	176
513	177
513	178
513	225
513	226
513	227
513	228
513	229
513	230
513	231
513	232
513	233
513	234
513	235
513	236
514	176
514	177
514	178
514	225
514	226
514	227
514	228
514	229
514	230
514	231
514	232
514	233
514	234
514	235
515	176
515	177
515	178
515	223
515	224
515	225
515	226
515	227
515	228
515	229
515	230
515	231
515	232
515	233
515	234
515	235
516	176
516	177
516	178
516	223
516	224
516	225
516	226
516	227
516	228
516	229
516	230
516	231
516	232
516	233
516	234
516	235
517	223
517	224
517	225
517	226
517	227
517	228
517	229
517	230
517	231
517	232
517	233
517	234
517	235
518	176
518	177
518	178
518	223
518	224
518	225
518	226
518	227
518	228
518	229
518	230
518	231
518	232
518	233
518	234
519	223
519	224
519	225
519	226
519	227
519	228
519	229
519	230
519	231
519	232
519	233
519	234
520	176
520	177
520	178
521	223
521	224
521	225
521	226
521	227
521	228
521	229
521	230
521	231
521	232
521	233
521	234
522	176
522	177
522	178
522	223
522	224
522	225
522	226
522	227
522	228
522	229
522	230
522	231
522	232
522	233
522	234
523	176
523	177
523	178
523	223
523	224
523	225
523	226
523	227
523	228
523	229
523	230
523	231
523	232
523	233
524	176
524	177
524	178
524	222
524	223
524	224
524	225
524	226
524	227
524	228
524	229
524	230
524	231
524	232
524	233
525	176
525	177
525	178
525	222
525	223
525	224
525	225
525	226
525	227
525	228
525	229
525	230
525	231
525	232
525	233
526	176
526	177
526	178
526	223
526	224
526	225
526	226
526	227
526	228
526	229
526	230
526	231
526	232
526	233
527	176
527	177
527	178
527	222
527	223
527	224
527	225
527	226
527	227
527	228
527	229
527	230
527	231
527	232
528	176
528	177
528	178
528	222
528	223
528	224
528	225
528	226
528	227
528	228
528	229
528	230
528	231
528	232
529	176
529	177
529	178
529	222
529	223
529	224
529	225
529	226
529	227
529	228
529	229
529	230
529	231
529	232
530	176
530	177
530	178
530	222
530	223
530	224
530	225
530	226
530	227
530	228
530	229
530	230
530	231
530	232
531	176
531	177
531	178
531	222
531	223
531	224
531	225
531	226
531	227
531	228
531	229
531	230
531	231
531	232
532	176
532	177
532	178
532	222
532	223
532	224
532	225
532	226
532	227
532	228
532	229
532	230
532	231
532	232
533	176
533	177
533	178
533	221
533	222
533	223
533	224
533	225
533	226
533	227
533	228
533	229
533	230
533	231
533	232
534	175
534	176
534	177
534	221
534	222
534	223
534	224
534	225
534	226
534	227
534	228
534	229
534	230
534	231
534	232
535	175
535	176
535	177
535	221
535	222
535	223
535	224
535	225
535	226
535	227
535	228
535	229
535	230
535	231
535	232
536	175
536	176
536	177
536	221
536	222
536	223
536	224
536	225
536	226
536	227
536	228
536	229
536	230
536	231
536	232
537	221
537	222
537	223
537	224
537	225
537	226
537	227
537	228
537	229
537	230
537	231
537	232
538	174
538	175
538	176
538	221
538	222
538	223
538	224
538	225
538	226
538	227
538	228
538	229
538	230
538	231
538	232
539	174
539	175
539	176
539	221
539	222
539	223
539	224
539	225
539	226
539	227
539	228
539	229
539	230
539	231
540	174
540	175
540	176
540	221
540	222
540	223
540	224
540	225
540	226
540	227
540	228
540	229
540	230
540	231
541	174
541	175
541	176
541	220
541	221
541	222
541	223
541	224
541	225
541	226
541	227
541	228
541	229
541	230
542	174
542	175
542	176
542	220
542	221
542	222
542	223
542	224
542	225
542	226
542	227
542	228
542	229
542	230
543	174
543	175
543	176
543	220
543	221
543	222
543	223
543	224
543	225
543	226
543	227
543	228
543	229
543	230
544	174
544	175
544	176
544	220
544	221
544	222
544	223
544	224
544	225
544	226
544	227
544	228
544	229
544	230
545	173
545	174
545	175
545	220
545	221
545	222
545	223
545	224
545	225
545	226
545	227
545	228
545	229
545	230
546	173
546	174
546	175
546	219
546	220
546	221
546	222
546	223
546	224
546	225
546	226
546	227
546	228
546	229
546	230
547	173
547	174
547	175
547	219
547	220
547	221
547	222
547	223
547	224
547	225
547	226
547	227
547	228
547	229
548	173
548	174
548	175
548	219
548	220
548	221
548	222
548	223
548	224
548	225
548	226
548	227
548	228
548	229
549	173
549	174
549	175
549	219
549	220
549	221
549	222
549	223
549	224
549	225
549	226
549	227
549	228
549	229
550	173
550	174
550	175
550	218
550	219
550	220
550	221
550	222
550	223
550	224
550	225
550	226
550	227
550	228
550	229
551	172
551	173
551	174
551	218
551	219
551	220
551	221
551	222
551	223
551	224
551	225
551	226
551	227
551	228
551	229
552	172
552	173
552	174
552	218
552	219
552	220
552	221
552	222
552	223
552	224
552	225
552	226
552	227
552	228
552	229
553	172
553	173
553	174
553	217
553	218
553	219
553	220
553	221
553	222
553	223
553	224
553	225
553	226
553	227
553	228
553	229
554	172
554	173
554	174
554	219
554	220
554	221
554	222
554	223
554	224
554	225
554	226
554	227
554	228
554	229
555	217
555	218
555	219
555	220
555	221
555	222
555	223
555	224
555	225
555	226
555	227
555	228
555	229
556	171
556	172
556	173
556	217
556	218
556	219
556	220
556	221
556	222
556	223
556	224
556	225
556	226
556	227
556	228
556	229
557	171
557	172
557	173
557	217
557	218
557	219
557	220
557	221
557	222
557	223
557	224
557	225
557	226
557	227
557	228
557	229
558	171
558	172
558	173
558	217
558	218
558	219
558	220
558	221
558	222
558	223
558	224
558	225
558	226
558	227
558	228
558	229
559	171
559	172
559	173
559	217
559	218
559	219
559	220
559	221
559	222
559	223
559	224
559	225
559	226
559	227
559	228
559	229
560	171
560	172
560	173
560	217
560	218
560	219
560	220
560	221
560	222
560	223
560	224
560	225
560	226
560	227
561	171
561	172
561	173
561	217
561	218
561	219
561	220
561	221
561	222
561	223
561	224
561	225
561	226
561	227
561	228
561	229
562	171
562	172
562	173
562	217
562	218
562	219
562	220
562	221
562	222
562	223
562	224
562	225
562	226
562	227
562	228
563	171
563	172
563	173
563	217
563	218
563	219
563	220
563	221
563	222
563	223
563	224
563	225
563	226
563	227
563	228
564	171
564	172
564	173
564	217
564	218
564	219
564	220
564	221
564	222
564	223
564	224
564	225
564	226
564	227
564	228
564	229
565	171
565	172
565	173
565	217
565	218
565	219
565	220
565	221
565	222
565	223
565	224
565	225
565	226
565	227
565	228
565	229
566	171
566	172
566	173
566	217
566	218
566	219
566	220
566	221
566	222
566	223
566	224
566	225
566	226
566	227
566	228
566	229
567	171
567	172
567	173
567	217
567	218
567	219
567	220
567	221
567	222
567	223
567	224
567	225
567	226
567	227
567	228
567	229
568	171
568	172
568	173
568	217
568	218
568	219
568	220
568	221
568	222
568	223
568	224
568	225
568	226
568	227
568	228
568	229
569	171
569	172
569	173
569	216
569	217
569	218
569	219
569	220
569	221
569	222
569	223
569	224
569	225
569	226
569	227
569	228
570	171
570	172
570	173
570	216
570	217
570	218
570	219
570	220
570	221
570	222
570	223
570	224
570	225
570	226
570	227
570	228
571	171
571	172
571	173
571	216
571	217
571	218
571	219
571	220
571	221
571	222
571	223
571	224
571	225
571	226
571	227
571	228
572	171
572	172
572	173
572	216
572	217
572	218
572	219
572	220
572	221
572	222
572	223
572	224
572	225
572	226
572	227
572	228
573	171
573	172
573	173
573	216
573	217
573	218
573	219
573	220
573	221
573	222
573	223
573	224
573	225
573	226
573	227
573	228
574	171
574	172
574	173
574	216
574	217
574	218
574	219
574	220
574	221
574	222
574	223
574	224
574	225
574	226
574	227
575	171
575	172
575	173
575	216
575	217
575	218
575	219
575	220
575	221
575	222
575	223
575	224
575	225
575	226
575	227
576	171
576	172
576	173
576	216
576	217
576	218
576	219
576	220
576	221
576	222
576	223
576	224
576	225
576	226
576	227
577	171
577	172
577	173
577	216
577	217
577	218
577	219
577	220
577	221
577	222
577	223
577	224
577	225
577	226
578	171
578	172
578	173
578	216
578	217
578	218
578	219
578	220
578	221
578	222
578	223
578	224
578	225
578	226
579	171
579	172
579	173
579	215
579	216
579	217
579	218
579	219
579	220
579	221
579	222
579	223
579	224
579	225
579	226
580	171
580	172
580	173
580	215
580	216
580	217
580	218
580	219
580	220
580	221
580	222
580	223
580	224
580	225
580	226
581	171
581	172
581	173
581	214
581	215
581	216
581	217
581	218
581	219
581	220
581	221
581	222
581	223
581	224
581	225
581	226
582	171
582	172
582	173
582	214
582	215
582	216
582	217
582	218
582	219
582	220
582	221
582	222
582	223
582	224
582	225
582	226
583	170
583	171
583	172
583	214
583	215
583	216
583	217
583	218
583	219
583	220
583	221
583	222
583	223
583	224
583	225
583	226
584	170
584	171
584	172
584	213
584	214
584	215
584	216
584	217
584	218
584	219
584	220
584	221
584	222
584	223
584	224
584	225
584	226
585	170
585	171
585	172
585	213
585	214
585	215
585	216
585	217
585	218
585	219
585	220
585	221
585	222
585	223
585	224
585	225
585	226
586	170
586	171
586	172
586	212
586	213
586	214
586	215
586	216
586	217
586	218
586	219
586	220
586	221
586	222
586	223
586	224
586	225
586	226
587	169
587	170
587	171
587	212
587	213
587	214
587	215
587	216
587	217
587	218
587	219
587	220
587	221
587	222
587	223
587	224
587	225
587	226
588	169
588	170
588	171
588	212
588	213
588	214
588	215
588	216
588	217
588	218
588	219
588	220
588	221
588	222
588	223
588	224
588	225
589	169
589	170
589	171
589	212
589	213
589	214
589	215
589	216
589	217
589	218
589	219
589	220
589	221
589	222
589	223
589	224
589	225
590	212
590	213
590	214
590	215
590	216
590	217
590	218
590	219
590	220
590	221
590	222
590	223
590	224
590	225
591	169
591	170
591	171
591	213
591	214
591	215
591	216
591	217
591	218
591	219
591	220
591	221
591	222
591	223
591	224
592	169
592	170
592	171
592	211
592	212
592	213
592	214
592	215
592	216
592	217
592	218
592	219
592	220
592	221
592	222
592	223
592	224
593	169
593	170
593	171
593	211
593	212
593	213
593	214
593	215
593	216
593	217
593	218
593	219
593	220
593	221
593	222
593	223
593	224
594	169
594	170
594	171
594	211
594	212
594	213
594	214
594	215
594	216
594	217
594	218
594	219
594	220
594	221
594	222
594	223
594	224
595	169
595	170
595	171
595	211
595	212
595	213
595	214
595	215
595	216
595	217
595	218
595	219
595	220
595	221
595	222
595	223
595	224
596	169
596	170
596	171
596	211
596	212
596	213
596	214
596	215
596	216
596	217
596	218
596	219
596	220
596	221
596	222
596	223
596	224
597	169
597	170
597	171
597	211
597	212
597	213
597	214
597	215
597	216
597	217
597	218
597	219
597	220
597	221
597	222
597	223
598	169
598	170
598	171
598	211
598	212
598	213
598	214
598	215
598	216
598	217
598	218
598	219
598	220
598	221
598	222
598	223
599	169
599	170
599	171
599	211
599	212
599	213
599	214
599	215
599	216
599	217
599	218
599	219
599	220
599	221
599	222
599	223
600	169
600	170
600	171
600	210
600	211
600	212
600	213
600	214
600	215
600	216
600	217
600	218
600	219
600	220
600	221
600	222
600	223
601	169
601	170
601	171
601	210
601	211
601	212
601	213
601	214
601	215
601	216
601	217
601	218
601	219
601	220
601	221
601	222
602	168
602	169
602	170
602	210
602	211
602	212
602	213
602	214
602	215
602	216
602	217
602	218
602	219
602	220
602	221
602	222
603	168
603	169
603	170
603	210
603	211
603	212
603	213
603	214
603	215
603	216
603	217
603	218
603	219
603	220
603	221
603	222
604	167
604	168
604	169
604	210
604	211
604	212
604	213
604	214
604	215
604	216
604	217
604	218
604	219
604	220
604	221
604	222
605	167
605	168
605	169
605	210
605	211
605	212
605	213
605	214
605	215
605	216
605	217
605	218
605	219
605	220
605	221
605	222
606	167
606	168
606	169
606	210
606	211
606	212
606	213
606	214
606	215
606	216
606	217
606	218
606	219
606	220
606	221
606	222
607	166
607	167
607	168
607	169
607	210
607	211
607	212
607	213
607	214
607	215
607	216
607	217
607	218
607	219
607	220
607	221
607	222
608	166
608	167
608	168
608	210
608	211
608	212
608	213
608	214
608	215
608	216
608	217
608	218
608	219
608	220
608	221
608	222
609	166
609	167
609	168
609	210
609	211
609	212
609	213
609	214
609	215
609	216
609	217
609	218
609	219
609	220
609	221
609	222
610	166
610	167
610	168
610	210
610	211
610	212
610	213
610	214
610	215
610	216
610	217
610	218
610	219
610	220
610	221
610	222
611	166
611	167
611	168
611	210
611	211
611	212
611	213
611	214
611	215
611	216
611	217
611	218
611	219
611	220
611	221
611	222
612	166
612	167
612	168
612	210
612	211
612	212
612	213
612	214
612	215
612	216
612	217
612	218
612	219
612	220
612	221
612	222
613	166
613	167
613	168
613	209
613	210
613	211
613	212
613	213
613	214
613	215
613	216
613	217
613	218
613	219
613	220
613	221
614	166
614	167
614	168
614	209
614	210
614	211
614	212
614	213
614	214
614	215
614	216
614	217
614	218
614	219
614	220
615	166
615	167
615	168
615	209
615	210
615	211
615	212
615	213
615	214
615	215
615	216
615	217
615	218
615	219
615	220
616	166
616	167
616	168
616	209
616	210
616	211
616	212
616	213
616	214
616	215
616	216
616	217
616	218
616	219
616	220
616	221
616	222
617	166
617	167
617	168
617	209
617	210
617	211
617	212
617	213
617	214
617	215
617	216
617	217
617	218
617	219
617	220
618	166
618	167
618	168
618	208
618	209
618	210
618	211
618	212
618	213
618	214
618	215
618	216
618	217
618	218
618	219
618	220
619	165
619	166
619	167
619	208
619	209
619	210
619	211
619	212
619	213
619	214
619	215
619	216
619	217
619	218
619	219
619	220
620	165
620	166
620	167
620	208
620	209
620	210
620	211
620	212
620	213
620	214
620	215
620	216
620	217
620	218
620	219
620	220
620	221
620	222
621	164
621	165
621	166
621	208
621	209
621	210
621	211
621	212
621	213
621	214
621	215
621	216
621	217
621	218
621	219
621	220
622	164
622	165
622	166
622	167
622	210
622	211
622	212
622	213
622	214
622	215
622	216
622	217
622	218
622	219
622	220
623	165
623	166
623	167
623	208
623	209
623	210
623	211
623	212
623	213
623	214
623	215
623	216
623	217
623	218
623	219
623	220
623	221
623	222
624	165
624	166
624	167
624	207
624	208
624	209
624	210
624	211
624	212
624	213
624	214
624	215
624	216
624	217
624	218
624	219
624	220
625	165
625	166
625	167
625	168
625	209
625	210
625	211
625	212
625	213
625	214
625	215
625	216
625	217
625	218
625	219
625	220
625	221
625	222
626	167
626	168
626	169
626	207
626	208
626	209
626	210
626	211
626	212
626	213
626	214
626	215
626	216
626	217
626	218
626	219
627	167
627	168
627	169
627	170
627	207
627	208
627	209
627	210
627	211
627	212
627	213
627	214
627	215
627	216
627	217
627	218
627	219
627	220
627	221
627	222
628	168
628	169
628	170
628	207
628	208
628	209
628	210
628	211
628	212
628	213
628	214
628	215
628	216
628	217
628	218
628	219
628	220
628	221
628	222
629	169
629	170
629	171
629	207
629	208
629	209
629	210
629	211
629	212
629	213
629	214
629	215
629	216
629	217
629	218
629	219
629	220
629	221
629	222
630	169
630	170
630	171
630	207
630	208
630	209
630	210
630	211
630	212
630	213
630	214
630	215
630	216
630	217
630	218
630	219
630	220
630	221
630	222
631	169
631	170
631	171
631	207
631	208
631	209
631	210
631	211
631	212
631	213
631	214
631	215
631	216
631	217
631	218
631	219
631	220
631	221
631	222
632	169
632	170
632	171
632	207
632	208
632	209
632	210
632	211
632	212
632	213
632	214
632	215
632	216
632	217
632	218
632	219
633	169
633	170
633	171
633	207
633	208
633	209
633	210
633	211
633	212
633	213
633	214
633	215
633	216
633	217
633	218
633	219
633	220
633	221
634	169
634	170
634	171
634	207
634	208
634	209
634	210
634	211
634	212
634	213
634	214
634	215
634	216
634	217
634	218
634	219
634	220
635	169
635	170
635	171
636	170
636	171
636	172
637	170
637	171
637	172
638	170
638	171
638	172
639	170
639	171
639	172
