1	142
1	143
1	144
2	142
2	143
2	144
3	141
3	142
3	143
4	140
4	141
4	142
5	140
5	141
5	142
6	140
6	141
6	142
7	140
7	141
7	142
8	139
8	140
8	141
8	142
10	139
10	140
10	141
11	138
11	139
11	140
12	138
12	139
12	140
13	137
13	138
13	139
13	140
14	137
14	138
14	139
15	137
15	138
15	139
16	137
16	138
16	139
17	137
17	138
17	139
18	136
18	137
18	138
20	135
20	136
20	137
21	135
21	136
21	137
22	135
22	136
22	137
23	135
23	136
23	137
24	134
24	135
24	136
24	137
26	133
26	134
26	135
27	133
27	134
27	135
28	133
28	134
28	135
29	133
29	134
29	135
30	131
30	132
30	133
30	134
31	131
31	132
31	133
32	131
32	132
32	133
33	130
33	131
33	132
33	133
34	130
34	131
34	132
34	133
36	129
36	130
36	131
37	129
37	130
37	131
38	128
38	129
38	130
38	131
39	128
39	129
39	130
39	131
40	127
40	128
40	129
40	130
41	127
41	128
41	129
41	130
42	126
42	127
42	128
42	129
42	130
43	126
43	127
43	128
43	129
44	126
44	127
44	128
45	126
45	127
45	128
46	126
46	127
46	128
47	125
47	126
47	127
48	125
48	126
48	127
49	125
49	126
49	127
50	124
50	125
50	126
51	124
51	125
51	126
52	124
52	125
52	126
53	124
53	125
53	126
54	124
54	125
54	126
55	124
55	125
55	126
56	123
56	124
56	125
57	123
57	124
57	125
58	122
58	123
58	124
59	122
59	123
59	124
60	122
60	123
60	124
61	121
61	122
61	123
61	124
62	121
62	122
62	123
64	119
64	120
64	121
64	122
66	116
66	117
66	118
66	119
67	116
67	117
67	118
68	116
68	117
68	118
69	116
69	117
69	118
70	116
70	117
70	118
71	116
71	117
71	118
72	116
72	117
72	118
72	131
72	132
72	133
72	134
73	115
73	116
73	117
73	131
73	132
73	133
73	134
74	115
74	116
74	117
74	130
74	131
74	132
74	133
74	134
75	115
75	116
75	117
75	130
75	131
75	132
75	133
75	134
76	115
76	116
76	117
76	130
76	131
76	132
76	133
76	134
77	115
77	116
77	117
77	130
77	131
77	132
77	133
77	134
78	115
78	116
78	117
78	130
78	131
78	132
78	133
78	134
79	114
79	115
79	116
79	130
79	131
79	132
79	133
79	134
80	114
80	115
80	116
80	130
80	131
80	132
80	133
80	134
81	114
81	115
81	116
81	130
81	131
81	132
81	133
81	134
82	114
82	115
82	116
82	130
82	131
82	132
82	133
82	134
83	114
83	115
83	116
83	130
83	131
83	132
83	133
83	134
84	114
84	115
84	116
84	129
84	130
84	131
84	132
84	133
84	134
85	113
85	114
85	115
85	116
85	129
85	130
85	131
85	132
85	133
85	134
86	113
86	114
86	115
86	128
86	129
86	130
86	132
86	133
86	134
87	111
87	112
87	113
87	128
87	129
87	130
87	132
87	133
87	134
88	110
88	111
88	112
88	127
88	128
88	129
88	130
88	132
88	133
88	134
88	135
89	110
89	111
89	112
89	127
89	128
89	129
89	132
89	133
89	134
89	135
90	110
90	111
90	112
90	127
90	128
90	129
90	132
90	133
90	134
90	135
91	110
91	111
91	112
91	127
91	128
91	129
91	132
91	133
91	134
91	135
92	110
92	111
92	112
92	127
92	128
92	129
92	132
92	133
92	134
92	135
92	136
93	110
93	111
93	112
93	127
93	128
93	129
93	132
93	133
93	134
93	135
93	136
94	110
94	111
94	112
94	132
94	133
94	134
94	135
94	136
95	110
95	111
95	112
95	126
95	127
95	128
95	132
95	133
95	134
95	135
95	136
96	110
96	111
96	112
96	126
96	127
96	128
96	132
96	133
96	134
97	110
97	111
97	112
97	132
97	133
97	134
98	110
98	111
98	112
98	125
98	126
98	127
98	128
98	132
98	133
98	134
99	110
99	111
99	112
99	132
99	133
99	134
100	110
100	111
100	112
100	125
100	126
100	127
100	132
100	133
100	134
101	110
101	111
101	112
101	113
101	124
101	125
101	126
101	132
101	133
101	134
102	111
102	112
102	113
102	123
102	124
102	125
102	132
102	133
102	134
103	111
103	112
103	113
103	123
103	124
103	125
103	132
103	133
103	134
104	111
104	112
104	113
104	123
104	124
104	125
104	132
104	133
104	134
105	111
105	112
105	113
105	122
105	123
105	124
105	132
105	133
105	134
106	111
106	112
106	113
106	122
106	123
106	124
106	132
106	133
106	134
107	111
107	112
107	113
107	121
107	122
107	123
107	132
107	133
107	134
108	111
108	112
108	113
108	132
108	133
108	134
109	111
109	112
109	113
109	120
109	121
109	122
109	132
109	133
109	134
109	135
110	111
110	112
110	113
110	120
110	121
110	122
110	133
110	134
110	135
111	111
111	112
111	113
111	120
111	121
111	122
111	133
111	134
111	135
112	111
112	112
112	113
112	133
112	134
112	135
113	111
113	112
113	113
113	119
113	120
113	121
113	133
113	134
113	135
114	111
114	112
114	113
114	133
114	134
114	135
115	111
115	112
115	113
115	118
115	119
115	120
115	121
115	133
115	134
115	135
116	111
116	112
116	113
116	117
116	118
116	119
116	133
116	134
116	135
117	111
117	112
117	113
117	117
117	118
117	119
117	133
117	134
117	135
118	111
118	112
118	113
118	117
118	118
118	119
118	133
118	134
118	135
119	111
119	112
119	113
119	117
119	118
119	119
119	133
119	134
119	135
120	111
120	112
120	113
120	117
120	118
120	119
120	133
120	134
120	135
121	111
121	112
121	113
121	117
121	118
121	119
121	133
121	134
121	135
122	111
122	112
122	113
122	116
122	117
122	118
122	133
122	134
122	135
123	111
123	112
123	113
123	115
123	116
123	117
123	133
123	134
123	135
124	111
124	112
124	113
124	115
124	116
124	117
124	133
124	134
124	135
125	111
125	112
125	113
125	115
125	116
125	117
125	133
125	134
125	135
126	111
126	112
126	113
126	115
126	116
126	117
126	133
126	134
126	135
127	111
127	112
127	113
127	114
127	115
127	116
127	133
127	134
127	135
128	111
128	112
128	113
128	114
128	115
128	116
128	133
128	134
128	135
129	111
129	112
129	113
129	114
129	115
129	116
129	133
129	134
129	135
130	111
130	112
130	113
130	114
130	115
130	133
130	134
130	135
131	111
131	112
131	113
131	114
131	133
131	134
131	135
132	111
132	112
132	113
132	114
132	133
132	134
132	135
133	111
133	112
133	113
133	133
133	134
133	135
134	111
134	112
134	113
134	114
134	133
134	134
134	135
135	111
135	112
135	113
135	114
135	133
135	134
135	135
136	111
136	112
136	113
136	114
136	133
136	134
136	135
137	110
137	111
137	112
137	113
137	114
137	133
137	134
137	135
138	110
138	111
138	112
138	113
138	114
138	133
138	134
138	135
139	110
139	111
139	112
139	113
139	114
139	133
139	134
139	135
140	110
140	111
140	112
140	113
140	114
140	133
140	134
140	135
141	110
141	111
141	112
141	113
141	114
141	133
141	134
141	135
142	110
142	111
142	112
142	113
142	114
142	133
142	134
142	135
143	110
143	111
143	112
143	113
143	114
143	133
143	134
143	135
144	110
144	111
144	112
144	113
144	114
144	133
144	134
144	135
145	110
145	111
145	112
145	113
145	114
145	133
145	134
145	135
146	110
146	111
146	112
146	113
146	114
146	133
146	134
146	135
147	110
147	111
147	112
147	113
147	114
147	133
147	134
147	135
148	110
148	111
148	112
148	113
148	114
148	115
148	133
148	134
148	135
149	110
149	111
149	112
149	113
149	114
149	115
149	133
149	134
149	135
150	110
150	111
150	112
150	113
150	114
150	115
150	133
150	134
150	135
151	110
151	111
151	112
151	113
151	114
151	115
151	133
151	134
151	135
152	110
152	111
152	112
152	113
152	114
152	115
152	133
152	134
152	135
153	110
153	111
153	112
153	113
153	114
153	115
153	116
153	133
153	134
153	135
154	110
154	111
154	112
154	113
154	114
154	115
154	116
154	133
154	134
154	135
155	110
155	111
155	112
155	113
155	114
155	115
155	116
155	133
155	134
155	135
156	110
156	111
156	112
156	113
156	114
156	115
156	116
156	133
156	134
156	135
157	110
157	111
157	112
157	113
157	114
157	115
157	116
157	133
157	134
157	135
158	110
158	111
158	112
158	113
158	114
158	115
158	116
158	133
158	134
158	135
159	110
159	111
159	112
159	113
159	114
159	115
159	116
159	133
159	134
159	135
160	110
160	111
160	112
160	113
160	114
160	115
160	116
160	133
160	134
160	135
161	110
161	111
161	112
161	113
161	114
161	115
161	116
161	133
161	134
161	135
162	110
162	111
162	112
162	113
162	114
162	115
162	116
162	133
162	134
162	135
163	110
163	111
163	112
163	113
163	114
163	115
163	116
163	133
163	134
163	135
164	110
164	111
164	112
164	113
164	114
164	115
164	116
164	133
164	134
164	135
165	110
165	111
165	112
165	113
165	114
165	115
165	116
165	133
165	134
165	135
166	110
166	111
166	112
166	113
166	114
166	115
166	116
166	133
166	134
166	135
167	110
167	111
167	112
167	113
167	114
167	115
167	116
167	133
167	134
167	135
168	110
168	111
168	112
168	113
168	114
168	115
168	116
168	133
168	134
168	135
169	110
169	111
169	112
169	113
169	114
169	115
169	116
169	133
169	134
169	135
170	110
170	111
170	112
170	113
170	114
170	115
170	133
170	134
170	135
171	110
171	111
171	112
171	113
171	114
171	115
171	133
171	134
171	135
172	110
172	111
172	112
172	113
172	114
172	133
172	134
172	135
173	110
173	111
173	112
173	113
173	114
173	115
173	133
173	134
173	135
174	110
174	111
174	112
174	113
174	114
174	115
174	133
174	134
174	135
175	110
175	111
175	112
175	113
175	114
175	115
175	133
175	134
175	135
176	111
176	112
176	113
176	114
176	115
176	133
176	134
176	135
177	111
177	112
177	113
177	114
177	115
177	133
177	134
177	135
178	111
178	112
178	113
178	114
178	115
178	133
178	134
178	135
179	111
179	112
179	113
179	114
179	115
179	133
179	134
179	135
180	111
180	112
180	113
180	114
180	115
180	133
180	134
180	135
181	111
181	112
181	113
181	114
181	115
181	133
181	134
181	135
182	111
182	112
182	113
182	114
182	115
182	133
182	134
182	135
183	111
183	112
183	113
183	114
183	115
183	133
183	134
183	135
184	111
184	112
184	113
184	114
184	115
184	133
184	134
184	135
185	111
185	112
185	113
185	114
185	115
185	133
185	134
185	135
186	111
186	112
186	113
186	114
186	115
186	133
186	134
186	135
187	111
187	112
187	113
187	114
187	115
187	133
187	134
187	135
188	111
188	112
188	113
188	114
188	115
188	133
188	134
188	135
189	111
189	112
189	113
189	114
189	115
189	133
189	134
189	135
190	111
190	112
190	113
190	114
190	115
190	133
190	134
190	135
191	111
191	112
191	113
191	114
191	115
191	133
191	134
191	135
192	111
192	112
192	113
192	114
192	115
192	133
192	134
192	135
193	111
193	112
193	113
193	114
193	115
193	133
193	134
193	135
194	111
194	112
194	113
194	114
194	115
194	133
194	134
194	135
195	113
195	114
195	115
195	133
195	134
195	135
196	113
196	114
196	115
196	133
196	134
196	135
197	113
197	114
197	115
197	133
197	134
197	135
198	113
198	114
198	115
198	133
198	134
198	135
199	113
199	114
199	115
199	133
199	134
199	135
200	113
200	114
200	115
200	133
200	134
200	135
201	113
201	114
201	115
201	133
201	134
201	135
202	113
202	114
202	115
202	133
202	134
202	135
203	113
203	114
203	115
203	133
203	134
203	135
204	113
204	114
204	115
204	133
204	134
204	135
205	113
205	114
205	115
205	133
205	134
205	135
206	113
206	114
206	115
206	133
206	134
206	135
206	136
207	113
207	114
207	115
207	134
207	135
207	136
207	137
208	113
208	114
208	115
208	135
208	136
208	137
209	113
209	114
209	115
209	135
209	136
209	137
210	113
210	114
210	115
210	135
210	136
210	137
211	113
211	114
211	115
211	135
211	136
211	137
212	113
212	114
212	115
212	135
212	136
212	137
213	113
213	114
213	115
213	135
213	136
213	137
214	113
214	114
214	115
214	135
214	136
214	137
215	113
215	114
215	115
215	135
215	136
215	137
216	113
216	114
216	115
216	135
216	136
216	137
217	113
217	114
217	115
217	135
217	136
217	137
218	113
218	114
218	115
218	135
218	136
218	137
219	113
219	114
219	115
219	135
219	136
219	137
220	113
220	114
220	115
220	135
220	136
220	137
221	113
221	114
221	115
221	135
221	136
221	137
222	113
222	114
222	115
222	135
222	136
222	137
223	113
223	114
223	115
223	135
223	136
223	137
224	113
224	114
224	115
224	135
224	136
224	137
225	113
225	114
225	115
225	135
225	136
225	137
226	113
226	114
226	115
226	135
226	136
226	137
227	113
227	114
227	115
227	135
227	136
227	137
228	113
228	114
228	115
228	135
228	136
228	137
229	113
229	114
229	115
229	135
229	136
229	137
230	113
230	114
230	115
230	135
230	136
230	137
231	113
231	114
231	115
231	135
231	136
231	137
232	113
232	114
232	115
232	135
232	136
232	137
233	113
233	114
233	115
233	135
233	136
233	137
234	113
234	114
234	115
234	135
234	136
234	137
235	113
235	114
235	115
235	135
235	136
235	137
236	113
236	114
236	115
236	135
236	136
236	137
237	113
237	114
237	115
237	135
237	136
237	137
238	113
238	114
238	115
238	135
238	136
238	137
239	113
239	114
239	115
239	135
239	136
239	137
240	113
240	114
240	115
240	135
240	136
240	137
241	113
241	114
241	115
241	135
241	136
241	137
242	113
242	114
242	115
242	135
242	136
242	137
242	138
243	113
243	114
243	115
243	136
243	137
243	138
244	113
244	114
244	115
244	136
244	137
244	138
245	113
245	114
245	115
245	136
245	137
245	138
246	113
246	114
246	115
246	136
246	137
246	138
247	113
247	114
247	115
247	116
247	136
247	137
247	138
248	113
248	114
248	115
248	116
248	136
248	137
248	138
249	113
249	114
249	115
249	116
249	136
249	137
249	138
250	114
250	115
250	116
250	136
250	137
250	138
251	113
251	114
251	115
251	136
251	137
251	138
252	113
252	114
252	115
252	136
252	137
252	138
253	113
253	114
253	115
253	136
253	137
253	138
254	113
254	114
254	115
254	136
254	137
254	138
255	113
255	114
255	115
255	136
255	137
255	138
256	113
256	114
256	115
256	116
256	136
256	137
256	138
257	113
257	114
257	115
257	116
257	136
257	137
257	138
258	113
258	114
258	115
258	116
258	136
258	137
258	138
259	113
259	114
259	115
259	116
259	136
259	137
259	138
260	113
260	114
260	115
260	116
260	136
260	137
260	138
261	113
261	114
261	115
261	116
261	136
261	137
261	138
262	113
262	114
262	115
262	116
262	136
262	137
262	138
263	113
263	114
263	115
263	116
263	136
263	137
263	138
264	113
264	114
264	115
264	116
264	136
264	137
264	138
265	113
265	114
265	115
265	116
265	136
265	137
265	138
266	113
266	114
266	115
266	116
266	136
266	137
266	138
267	113
267	114
267	115
267	116
267	136
267	137
267	138
268	113
268	114
268	115
268	116
268	117
268	136
268	137
268	138
269	113
269	114
269	115
269	116
269	117
269	136
269	137
269	138
270	113
270	114
270	115
270	116
270	117
270	136
270	137
270	138
271	113
271	114
271	115
271	116
271	117
271	136
271	137
271	138
272	113
272	114
272	115
272	116
272	117
272	136
272	137
272	138
273	113
273	114
273	115
273	116
273	117
273	118
273	136
273	137
273	138
274	113
274	114
274	115
274	116
274	117
274	118
274	136
274	137
274	138
275	113
275	114
275	115
275	116
275	117
275	118
275	136
275	137
275	138
276	113
276	114
276	115
276	116
276	117
276	118
276	136
276	137
276	138
277	113
277	114
277	115
277	116
277	117
277	118
277	136
277	137
277	138
278	113
278	114
278	115
278	116
278	117
278	118
278	136
278	137
278	138
279	113
279	114
279	115
279	116
279	117
279	118
279	136
279	137
279	138
280	113
280	114
280	115
280	116
280	117
280	118
280	136
280	137
280	138
281	113
281	114
281	115
281	116
281	117
281	118
281	136
281	137
281	138
282	113
282	114
282	115
282	116
282	117
282	118
282	136
282	137
282	138
283	113
283	114
283	115
283	116
283	117
283	118
283	136
283	137
283	138
284	113
284	114
284	115
284	116
284	117
284	118
284	136
284	137
284	138
285	116
285	117
285	118
285	136
285	137
285	138
286	113
286	114
286	115
286	116
286	117
286	118
286	136
286	137
286	138
287	114
287	115
287	116
287	117
287	118
287	136
287	137
287	138
288	114
288	115
288	116
288	117
288	118
288	136
288	137
288	138
289	114
289	115
289	116
289	117
289	118
289	136
289	137
289	138
290	114
290	115
290	116
290	117
290	118
290	136
290	137
290	138
291	115
291	116
291	117
291	118
291	136
291	137
291	138
292	115
292	116
292	117
292	118
292	136
292	137
292	138
293	115
293	116
293	117
293	118
293	136
293	137
293	138
294	115
294	116
294	117
294	118
294	136
294	137
294	138
295	115
295	116
295	117
295	118
295	136
295	137
295	138
296	115
296	116
296	117
296	118
296	136
296	137
296	138
297	115
297	116
297	117
297	118
297	136
297	137
297	138
298	115
298	116
298	117
298	118
298	136
298	137
298	138
299	115
299	116
299	117
299	118
299	136
299	137
299	138
300	115
300	116
300	117
300	118
300	136
300	137
300	138
301	115
301	116
301	117
301	118
301	136
301	137
301	138
302	115
302	116
302	117
302	118
302	136
302	137
302	138
303	115
303	116
303	117
303	118
303	136
303	137
303	138
304	115
304	116
304	117
304	118
304	136
304	137
304	138
305	115
305	116
305	117
305	136
305	137
305	138
306	115
306	116
306	117
306	118
306	136
306	137
306	138
307	115
307	116
307	117
307	118
307	136
307	137
307	138
308	115
308	116
308	117
308	118
308	136
308	137
308	138
309	115
309	116
309	117
309	118
309	136
309	137
309	138
310	115
310	116
310	117
310	118
310	136
310	137
310	138
311	115
311	116
311	117
311	118
311	136
311	137
311	138
312	115
312	116
312	117
312	118
312	136
312	137
312	138
313	115
313	116
313	117
313	118
313	136
313	137
313	138
314	115
314	116
314	117
314	118
314	136
314	137
314	138
315	115
315	116
315	117
315	118
315	136
315	137
315	138
316	115
316	116
316	117
316	118
316	136
316	137
316	138
317	115
317	116
317	117
317	118
317	136
317	137
317	138
318	115
318	116
318	117
318	118
318	136
318	137
318	138
319	115
319	116
319	117
319	118
319	136
319	137
319	138
320	115
320	116
320	117
320	118
320	136
320	137
320	138
321	115
321	116
321	117
321	118
321	136
321	137
321	138
322	115
322	116
322	117
322	118
322	136
322	137
322	138
323	115
323	116
323	117
323	118
323	136
323	137
323	138
324	115
324	116
324	117
324	118
324	136
324	137
324	138
325	115
325	116
325	117
325	118
325	136
325	137
325	138
326	115
326	116
326	117
326	118
326	136
326	137
326	138
327	115
327	116
327	117
327	118
327	136
327	137
327	138
328	115
328	116
328	117
328	118
328	136
328	137
328	138
329	115
329	116
329	117
329	118
329	136
329	137
329	138
330	115
330	116
330	117
330	118
330	136
330	137
330	138
331	115
331	116
331	117
331	118
331	136
331	137
331	138
332	115
332	116
332	117
332	118
332	136
332	137
332	138
333	115
333	116
333	117
333	118
333	136
333	137
333	138
334	115
334	116
334	117
334	118
334	136
334	137
334	138
335	115
335	116
335	117
335	118
335	136
335	137
335	138
336	115
336	116
336	117
336	118
336	136
336	137
336	138
337	115
337	116
337	117
337	118
337	136
337	137
337	138
338	115
338	116
338	117
338	118
338	136
338	137
338	138
339	115
339	116
339	117
339	118
339	136
339	137
339	138
340	115
340	116
340	117
340	118
340	136
340	137
340	138
341	115
341	116
341	117
341	118
341	136
341	137
341	138
342	115
342	116
342	117
342	118
342	136
342	137
342	138
343	115
343	116
343	117
343	118
343	136
343	137
343	138
344	115
344	116
344	117
344	118
345	115
345	116
345	117
345	118
345	135
345	136
345	137
346	115
346	116
346	117
346	118
346	135
346	136
346	137
347	115
347	116
347	117
347	118
347	135
347	136
347	137
348	115
348	116
348	117
348	118
348	134
348	135
348	136
349	115
349	116
349	117
349	118
349	134
349	135
349	136
350	115
350	116
350	117
350	118
350	134
350	135
350	136
351	115
351	116
351	117
351	118
351	134
351	135
351	136
352	115
352	116
352	117
352	118
352	135
352	136
352	137
353	115
353	116
353	117
353	118
353	135
353	136
353	137
354	115
354	116
354	117
354	118
354	119
354	135
354	136
354	137
355	115
355	116
355	117
355	118
355	119
355	135
355	136
355	137
356	115
356	116
356	117
356	118
356	119
356	135
356	136
356	137
357	115
357	116
357	117
357	118
357	119
357	135
357	136
357	137
358	115
358	116
358	117
358	118
358	119
358	135
358	136
358	137
359	115
359	116
359	117
359	118
359	119
359	135
359	136
359	137
360	115
360	116
360	117
360	118
360	119
360	135
360	136
360	137
360	138
361	115
361	116
361	117
361	118
361	119
361	136
361	137
361	138
362	115
362	116
362	117
362	118
362	119
362	136
362	137
362	138
363	115
363	116
363	117
363	118
363	119
363	136
363	137
363	138
364	115
364	116
364	117
364	118
364	119
364	136
364	137
364	138
365	115
365	116
365	117
365	118
365	119
365	136
365	137
365	138
366	115
366	116
366	117
366	118
366	119
366	136
366	137
366	138
367	115
367	116
367	117
367	118
367	119
367	136
367	137
367	138
368	115
368	116
368	117
368	118
368	119
368	136
368	137
368	138
369	115
369	116
369	117
369	118
369	119
369	136
369	137
369	138
370	115
370	116
370	117
370	118
370	119
370	136
370	137
370	138
371	115
371	116
371	117
371	118
371	119
371	136
371	137
371	138
372	115
372	116
372	117
372	118
372	119
372	136
372	137
372	138
373	115
373	116
373	117
373	118
373	119
373	136
373	137
373	138
374	115
374	116
374	117
374	118
374	119
374	136
374	137
374	138
375	115
375	116
375	117
375	118
375	119
375	136
375	137
375	138
376	115
376	116
376	117
376	118
376	119
376	136
376	137
376	138
377	115
377	116
377	117
377	118
377	119
377	136
377	137
377	138
378	115
378	116
378	117
378	118
378	119
378	136
378	137
378	138
379	115
379	116
379	117
379	118
379	119
379	135
379	136
379	137
379	138
380	115
380	116
380	117
380	118
380	119
380	135
380	136
380	137
380	138
381	115
381	116
381	117
381	118
381	119
381	135
381	136
381	137
381	138
382	115
382	116
382	117
382	118
382	119
382	135
382	136
382	137
382	138
383	115
383	116
383	117
383	118
383	119
383	135
383	136
383	137
383	138
384	115
384	116
384	117
384	118
384	119
384	135
384	136
384	137
384	138
385	115
385	116
385	117
385	118
385	119
385	135
385	136
385	137
385	138
386	115
386	116
386	117
386	118
386	119
386	135
386	136
386	137
386	138
387	115
387	116
387	117
387	118
387	119
387	135
387	136
387	137
387	138
388	115
388	116
388	117
388	118
388	119
388	135
388	136
388	137
388	138
389	115
389	116
389	117
389	118
389	119
389	135
389	136
389	137
389	138
390	115
390	116
390	117
390	118
390	119
390	135
390	136
390	137
390	138
391	115
391	116
391	117
391	118
391	119
391	135
391	136
391	137
391	138
392	115
392	116
392	117
392	118
392	119
392	135
392	136
392	137
392	138
393	115
393	116
393	117
393	118
393	119
393	135
393	136
393	137
393	138
394	115
394	116
394	117
394	118
394	119
394	135
394	136
394	137
394	138
395	115
395	116
395	117
395	118
395	119
395	135
395	136
395	137
395	138
396	115
396	116
396	117
396	118
396	119
396	135
396	136
396	137
396	138
397	115
397	116
397	117
397	118
397	119
397	135
397	136
397	137
397	138
398	115
398	116
398	117
398	118
398	119
398	135
398	136
398	137
398	138
399	115
399	116
399	117
399	118
399	119
399	135
399	136
399	137
399	138
400	115
400	116
400	117
400	118
400	119
400	135
400	136
400	137
400	138
401	115
401	116
401	117
401	118
401	119
401	135
401	136
401	137
401	138
402	115
402	116
402	117
402	118
402	119
402	135
402	136
402	137
402	138
403	115
403	116
403	117
403	118
403	119
403	135
403	136
403	137
403	138
404	115
404	116
404	117
404	118
404	119
404	135
404	136
404	137
404	138
405	115
405	116
405	117
405	118
405	119
405	135
405	136
405	137
405	138
406	115
406	116
406	117
406	118
406	119
406	135
406	136
406	137
406	138
407	115
407	116
407	117
407	118
407	119
407	135
407	136
407	137
407	138
408	115
408	116
408	117
408	118
408	119
408	135
408	136
408	137
408	138
409	115
409	116
409	117
409	118
409	119
409	134
409	135
409	136
409	137
409	138
410	115
410	116
410	117
410	134
410	135
410	136
410	137
410	138
411	115
411	116
411	117
411	118
411	119
411	134
411	135
411	136
411	137
411	138
412	115
412	116
412	117
412	118
412	119
412	134
412	135
412	136
413	115
413	116
413	117
413	118
413	119
413	134
413	135
413	136
414	115
414	116
414	117
414	118
414	119
414	134
414	135
414	136
415	115
415	116
415	117
415	118
415	119
415	134
415	135
415	136
416	115
416	116
416	117
416	118
416	119
416	134
416	135
416	136
417	115
417	116
417	117
417	118
417	119
417	134
417	135
417	136
418	115
418	116
418	117
418	118
418	119
418	134
418	135
418	136
419	115
419	116
419	117
419	118
419	119
419	134
419	135
419	136
420	115
420	116
420	117
420	118
420	119
420	134
420	135
420	136
421	115
421	116
421	117
421	118
421	119
421	134
421	135
421	136
422	115
422	116
422	117
422	118
422	119
422	134
422	135
422	136
423	115
423	116
423	117
423	118
423	119
423	134
423	135
423	136
424	115
424	116
424	117
424	118
424	119
424	134
424	135
424	136
425	115
425	116
425	117
425	118
425	119
425	134
425	135
425	136
426	115
426	116
426	117
426	118
426	119
426	134
426	135
426	136
427	115
427	116
427	117
427	118
427	119
427	134
427	135
427	136
428	115
428	116
428	117
428	118
428	119
428	134
428	135
428	136
429	115
429	116
429	117
429	118
429	119
429	135
429	136
429	137
429	138
429	139
430	115
430	116
430	117
430	118
430	119
430	135
430	136
430	137
430	138
430	139
431	115
431	116
431	117
431	118
431	119
431	135
431	136
431	137
431	138
431	139
432	115
432	116
432	117
432	118
432	119
432	135
432	136
432	137
432	138
432	139
433	115
433	116
433	117
433	118
433	119
433	136
433	137
433	138
433	139
434	115
434	116
434	117
434	118
434	119
434	137
434	138
434	139
435	115
435	116
435	117
435	118
435	119
435	137
435	138
435	139
436	115
436	116
436	117
436	118
436	119
436	137
436	138
436	139
437	115
437	116
437	117
437	118
437	119
437	137
437	138
437	139
438	1
438	115
438	116
438	117
438	118
438	119
438	137
438	138
438	139
439	115
439	116
439	117
439	118
439	119
439	137
439	138
439	139
440	115
440	116
440	117
440	118
440	119
440	137
440	138
440	139
441	115
441	116
441	117
441	118
441	119
441	137
441	138
441	139
441	140
442	115
442	116
442	117
442	118
442	119
442	137
442	138
442	139
442	140
443	115
443	116
443	117
443	118
443	119
443	137
443	138
443	139
443	140
444	115
444	116
444	117
444	118
444	119
444	137
444	138
444	139
445	114
445	115
445	116
445	117
445	118
445	119
445	137
445	138
445	139
445	140
446	114
446	115
446	116
446	117
446	118
446	119
446	137
446	138
446	139
446	140
447	114
447	115
447	116
447	117
447	118
447	119
447	137
447	138
447	139
447	140
448	114
448	115
448	116
448	117
448	118
448	119
448	137
448	138
448	139
449	114
449	115
449	116
449	117
449	118
449	119
449	137
449	138
449	139
449	140
450	114
450	115
450	116
450	117
450	118
450	119
450	137
450	138
450	139
450	140
451	114
451	115
451	116
451	117
451	118
451	119
451	137
451	138
451	139
451	140
452	114
452	115
452	116
452	117
452	118
452	119
452	137
452	138
452	139
452	140
453	114
453	115
453	116
453	117
453	118
453	119
453	137
453	138
453	139
453	140
454	114
454	115
454	116
454	117
454	118
454	119
454	137
454	138
454	139
454	140
455	114
455	115
455	116
455	117
455	118
455	119
455	137
455	138
455	139
455	140
456	114
456	115
456	116
456	117
456	118
456	119
456	137
456	138
456	139
456	140
457	114
457	115
457	116
457	117
457	118
457	119
457	137
457	138
457	139
457	140
458	114
458	115
458	116
458	117
458	118
458	119
458	137
458	138
458	139
458	140
459	1
459	114
459	115
459	116
459	117
459	118
459	119
459	138
459	139
459	140
460	114
460	115
460	116
460	117
460	138
460	139
460	140
461	1
461	2
461	115
461	116
461	117
461	118
461	119
461	138
461	139
461	140
462	1
462	2
462	115
462	116
462	117
462	118
462	119
462	138
462	139
462	140
463	1
463	2
463	115
463	116
463	117
463	118
463	119
463	138
463	139
463	140
464	115
464	116
464	117
464	118
464	119
464	138
464	139
464	140
465	1
465	2
465	3
465	4
465	115
465	116
465	117
465	118
465	119
465	138
465	139
465	140
466	115
466	116
466	117
466	118
466	119
466	138
466	139
466	140
467	2
467	3
467	4
467	5
467	6
467	116
467	117
467	118
467	119
467	138
467	139
467	140
468	116
468	117
468	118
468	119
468	138
468	139
468	140
469	4
469	5
469	6
469	116
469	117
469	118
469	119
469	138
469	139
469	140
470	116
470	117
470	118
470	119
470	138
470	139
470	140
471	4
471	5
471	6
471	116
471	117
471	118
471	119
471	122
471	123
471	124
471	125
471	138
471	139
471	140
472	4
472	5
472	6
472	116
472	117
472	118
472	119
472	121
472	122
472	123
472	124
472	125
472	138
472	139
472	140
473	1
473	2
473	3
473	4
473	5
473	6
473	116
473	117
473	118
473	119
473	138
473	139
473	140
474	116
474	117
474	118
474	119
474	121
474	122
474	123
474	124
474	138
474	139
474	140
475	116
475	117
475	118
475	119
475	120
475	121
475	122
475	138
475	139
475	140
476	116
476	117
476	118
476	119
476	120
476	121
476	122
476	123
476	138
476	139
476	140
477	116
477	117
477	118
477	119
477	120
477	121
477	138
477	139
477	140
478	116
478	117
478	118
478	119
478	120
478	121
478	138
478	139
478	140
479	116
479	117
479	118
479	119
479	120
479	121
479	138
479	139
479	140
480	116
480	117
480	118
480	119
480	120
480	121
480	138
480	139
480	140
481	116
481	117
481	118
481	119
481	120
481	138
481	139
481	140
482	116
482	117
482	118
482	119
482	120
482	121
482	138
482	139
482	140
483	116
483	117
483	118
483	119
483	120
483	138
483	139
483	140
484	116
484	117
484	118
484	119
484	138
484	139
484	140
485	117
485	118
485	119
485	138
485	139
485	140
486	117
486	118
486	119
486	138
486	139
486	140
487	117
487	118
487	119
487	138
487	139
487	140
488	117
488	118
488	119
488	138
488	139
488	140
489	117
489	118
489	119
489	139
489	140
489	141
490	117
490	118
490	119
490	139
490	140
490	141
491	117
491	118
491	119
491	140
491	141
491	142
492	117
492	118
492	119
492	140
492	141
492	142
493	117
493	118
493	119
493	140
493	141
493	142
494	117
494	118
494	119
494	140
494	141
494	142
495	117
495	118
495	119
495	140
495	141
495	142
496	117
496	118
496	119
496	140
496	141
496	142
497	117
497	118
497	119
497	140
497	141
497	142
498	117
498	118
498	119
498	140
498	141
498	142
499	117
499	118
499	119
499	140
499	141
499	142
500	117
500	118
500	119
500	140
500	141
500	142
501	117
501	118
501	119
501	140
501	141
501	142
502	117
502	118
502	119
502	140
502	141
502	142
503	117
503	118
503	119
503	140
503	141
503	142
504	117
504	118
504	119
504	140
504	141
504	142
505	117
505	118
505	119
505	140
505	141
505	142
506	117
506	118
506	119
506	140
506	141
506	142
507	117
507	118
507	119
507	140
507	141
507	142
508	117
508	118
508	119
508	140
508	141
508	142
509	117
509	118
509	119
509	120
509	140
509	141
509	142
510	117
510	118
510	119
510	120
510	121
510	140
510	141
510	142
511	117
511	118
511	119
511	120
511	121
511	140
511	141
511	142
512	117
512	118
512	119
512	120
512	121
512	140
512	141
512	142
513	117
513	118
513	119
513	120
513	121
513	140
513	141
513	142
514	117
514	118
514	119
514	120
514	121
514	140
514	141
514	142
515	117
515	118
515	119
515	120
515	121
515	140
515	141
515	142
516	117
516	118
516	119
516	120
516	121
516	140
516	141
516	142
517	117
517	118
517	119
517	120
517	121
517	140
517	141
517	142
518	117
518	118
518	119
518	120
518	121
518	140
518	141
518	142
519	117
519	118
519	119
519	120
519	121
519	140
519	141
519	142
520	117
520	118
520	119
520	120
520	121
520	140
520	141
520	142
521	117
521	118
521	119
521	120
521	121
521	140
521	141
521	142
522	117
522	118
522	119
522	120
522	121
522	140
522	141
522	142
523	117
523	118
523	119
523	120
523	121
523	140
523	141
523	142
524	117
524	118
524	119
524	120
524	121
524	140
524	141
524	142
525	117
525	118
525	119
525	120
525	121
525	140
525	141
525	142
526	117
526	118
526	119
526	120
526	121
526	140
526	141
526	142
527	117
527	118
527	119
527	120
527	121
527	140
527	141
527	142
528	117
528	118
528	119
528	120
528	121
528	140
528	141
528	142
529	117
529	118
529	119
529	120
529	121
529	140
529	141
529	142
530	117
530	118
530	119
530	120
530	121
530	140
530	141
530	142
531	117
531	118
531	119
531	120
531	121
531	140
531	141
531	142
532	117
532	118
532	119
532	120
532	121
532	140
532	141
532	142
533	117
533	118
533	119
533	120
533	121
533	140
533	141
533	142
534	117
534	118
534	119
534	120
534	121
534	140
534	141
534	142
535	117
535	118
535	119
535	120
535	121
535	140
535	141
535	142
536	117
536	118
536	119
536	120
536	121
536	140
536	141
536	142
537	117
537	118
537	119
537	120
537	121
537	140
537	141
537	142
538	117
538	118
538	119
538	120
538	121
538	141
538	142
538	143
539	117
539	118
539	119
539	120
539	121
539	141
539	142
539	143
540	117
540	118
540	119
540	120
540	121
540	141
540	142
540	143
541	117
541	118
541	119
541	120
541	121
542	117
542	118
542	119
542	120
542	121
542	141
542	142
542	143
543	117
543	118
543	119
543	120
543	121
543	141
543	142
543	143
544	117
544	118
544	119
544	120
544	121
544	141
544	142
544	143
545	118
545	119
545	120
545	121
545	141
545	142
545	143
546	118
546	119
546	120
546	121
546	141
546	142
546	143
547	118
547	119
547	120
547	121
547	141
547	142
547	143
548	118
548	119
548	120
548	121
548	141
548	142
548	143
549	118
549	119
549	120
549	121
549	141
549	142
549	143
550	119
550	120
550	121
550	141
550	142
550	143
551	119
551	120
551	121
551	122
551	141
551	142
551	143
552	120
552	121
552	122
552	141
552	142
552	143
553	119
553	120
553	121
553	122
553	141
553	142
553	143
554	120
554	121
554	122
554	141
554	142
554	143
555	119
555	120
555	121
555	122
555	141
555	142
555	143
556	119
556	120
556	121
556	122
556	141
556	142
556	143
557	119
557	120
557	121
557	122
557	141
557	142
557	143
558	119
558	120
558	121
558	122
558	141
558	142
558	143
559	119
559	120
559	121
559	122
559	141
559	142
559	143
560	119
560	120
560	121
560	122
560	141
560	142
560	143
561	119
561	120
561	121
561	122
561	141
561	142
561	143
562	119
562	120
562	121
562	122
562	141
562	142
562	143
563	119
563	120
563	121
563	141
563	142
563	143
564	119
564	120
564	121
564	122
564	141
564	142
564	143
565	119
565	120
565	121
565	122
565	141
565	142
565	143
566	119
566	120
566	121
566	122
566	141
566	142
566	143
567	119
567	120
567	121
567	122
567	141
567	142
567	143
568	119
568	120
568	121
568	122
568	141
568	142
568	143
569	119
569	120
569	121
569	122
569	141
569	142
569	143
570	119
570	120
570	121
570	122
570	141
570	142
570	143
571	119
571	120
571	121
571	122
571	141
571	142
571	143
572	119
572	120
572	121
572	122
572	141
572	142
572	143
573	119
573	120
573	121
573	122
573	141
573	142
573	143
574	119
574	120
574	121
574	122
574	141
574	142
574	143
575	119
575	120
575	121
575	122
575	141
575	142
575	143
576	119
576	120
576	121
576	122
576	141
576	142
576	143
577	119
577	120
577	121
577	122
577	141
577	142
577	143
578	119
578	120
578	121
578	122
578	141
578	142
578	143
579	119
579	120
579	121
579	122
579	141
579	142
579	143
580	119
580	120
580	121
580	122
580	141
580	142
580	143
581	119
581	120
581	121
581	122
581	141
581	142
581	143
582	119
582	120
582	121
582	122
582	141
582	142
582	143
583	119
583	120
583	121
583	122
583	141
583	142
583	143
584	119
584	120
584	121
584	122
584	141
584	142
584	143
585	119
585	120
585	121
585	122
585	141
585	142
585	143
586	119
586	120
586	121
586	122
586	141
586	142
586	143
587	119
587	120
587	121
587	122
587	141
587	142
587	143
588	119
588	120
588	121
588	122
588	141
588	142
588	143
589	119
589	120
589	121
589	122
589	141
589	142
589	143
590	119
590	120
590	121
590	122
590	141
590	142
590	143
591	119
591	120
591	121
591	122
591	141
591	142
591	143
592	119
592	120
592	121
592	122
592	141
592	142
592	143
593	119
593	120
593	121
593	122
593	141
593	142
593	143
594	119
594	120
594	121
594	122
594	141
594	142
594	143
595	119
595	120
595	121
595	122
595	141
595	142
595	143
596	119
596	120
596	121
596	122
596	141
596	142
596	143
597	119
597	120
597	121
597	122
597	141
597	142
597	143
598	119
598	120
598	121
598	122
598	141
598	142
598	143
599	119
599	120
599	121
599	122
599	141
599	142
599	143
600	119
600	120
600	121
600	122
600	141
600	142
600	143
601	119
601	120
601	121
601	122
601	141
601	142
601	143
602	119
602	120
602	121
602	122
602	141
602	142
602	143
603	119
603	120
603	121
603	122
603	141
603	142
603	143
604	119
604	120
604	121
604	122
604	141
604	142
604	143
605	119
605	120
605	121
605	122
605	141
605	142
605	143
606	119
606	120
606	121
606	122
606	141
606	142
606	143
607	119
607	120
607	121
607	122
607	141
607	142
607	143
608	119
608	120
608	121
608	122
608	141
608	142
608	143
609	119
609	120
609	121
609	122
609	141
609	142
609	143
610	119
610	120
610	121
610	122
610	141
610	142
610	143
611	119
611	120
611	121
611	122
611	141
611	142
611	143
612	119
612	120
612	121
612	122
612	141
612	142
612	143
613	119
613	120
613	121
613	122
613	141
613	142
613	143
614	119
614	120
614	121
614	122
614	141
614	142
614	143
615	119
615	120
615	121
615	122
615	141
615	142
615	143
616	119
616	120
616	121
616	122
616	141
616	142
616	143
617	119
617	120
617	121
617	122
617	141
617	142
617	143
618	119
618	120
618	121
618	122
618	142
618	143
618	144
619	119
619	120
619	121
619	122
619	142
619	143
619	144
620	119
620	120
620	121
620	122
620	142
620	143
620	144
621	119
621	120
621	121
621	122
621	142
621	143
621	144
622	119
622	120
622	121
622	122
622	142
622	143
622	144
623	119
623	120
623	121
623	122
623	142
623	143
623	144
624	119
624	120
624	121
624	122
624	142
624	143
624	144
625	119
625	120
625	121
625	122
625	142
625	143
625	144
626	119
626	120
626	121
626	122
626	142
626	143
626	144
627	119
627	120
627	121
627	122
627	142
627	143
627	144
628	119
628	120
628	121
628	122
628	142
628	143
628	144
629	119
629	120
629	121
629	122
629	142
629	143
629	144
630	119
630	120
630	121
630	122
630	142
630	143
630	144
631	119
631	120
631	121
631	122
631	142
631	143
631	144
632	119
632	120
632	121
632	122
632	142
632	143
632	144
633	119
633	120
633	121
633	122
633	142
633	143
633	144
634	119
634	120
634	121
634	122
634	142
634	143
634	144
635	119
635	120
635	121
635	122
635	142
635	143
635	144
636	119
636	120
636	121
636	122
636	142
636	143
636	144
637	119
637	120
637	121
637	122
637	142
637	143
637	144
638	119
638	120
638	121
638	122
638	142
638	143
638	144
