1	104
1	105
1	106
1	214
1	215
1	216
1	217
1	218
1	219
1	220
1	221
1	222
1	223
1	224
2	104
2	105
2	106
2	214
2	215
2	216
2	217
2	218
2	219
2	220
2	221
2	222
2	223
2	224
3	104
3	105
3	106
4	104
4	105
4	106
4	214
4	215
4	216
4	217
4	218
4	219
4	220
4	221
4	222
4	223
4	224
5	68
5	69
5	70
5	104
5	105
5	106
5	214
5	215
5	216
5	217
5	218
5	219
5	220
5	221
5	222
5	223
5	224
6	214
6	215
6	216
6	217
6	218
6	219
6	220
6	221
6	222
6	223
6	224
7	102
7	103
7	104
7	105
7	214
7	215
7	216
7	217
7	218
7	219
7	220
7	221
7	222
7	223
7	224
8	102
8	103
8	104
8	214
8	215
8	216
8	217
8	218
8	219
8	220
8	221
8	222
8	223
8	224
9	102
9	103
9	104
9	105
9	106
9	107
9	215
9	216
9	217
9	218
9	219
9	220
9	221
9	222
9	223
9	224
9	225
10	105
10	106
10	107
10	215
10	216
10	217
10	218
10	219
10	220
10	221
10	222
10	223
10	224
10	225
11	105
11	106
11	107
11	215
11	216
11	217
11	218
11	219
11	220
11	221
11	222
11	223
11	224
11	225
12	105
12	106
12	107
12	215
12	216
12	217
12	218
12	219
12	220
12	221
12	222
12	223
12	224
12	225
13	105
13	106
13	107
13	215
13	216
13	217
13	218
13	219
13	220
13	221
13	222
13	223
13	224
13	225
14	105
14	106
14	107
14	215
14	216
14	217
14	218
14	219
14	220
14	221
14	222
14	223
14	224
14	225
15	105
15	106
15	107
15	215
15	216
15	217
15	218
15	219
15	220
15	221
15	222
15	223
15	224
15	225
16	83
16	84
16	85
16	105
16	106
16	107
16	215
16	216
16	217
16	218
16	219
16	220
16	221
16	222
16	223
16	224
16	225
17	105
17	106
17	107
17	215
17	216
17	217
17	218
17	219
17	220
17	221
17	222
17	223
17	224
17	225
18	105
18	106
18	107
18	215
18	216
18	217
18	218
18	219
18	220
18	221
18	222
18	223
18	224
18	225
19	105
19	106
19	107
19	215
19	216
19	217
19	218
19	219
19	220
19	221
19	222
19	223
19	224
19	225
20	105
20	106
20	107
20	215
20	216
20	217
20	218
20	219
20	220
20	221
20	222
20	223
20	224
20	225
21	92
21	93
21	94
21	105
21	106
21	107
21	215
21	216
21	217
21	218
21	219
21	220
21	221
21	222
21	223
21	224
21	225
22	95
22	96
22	97
22	105
22	106
22	107
22	215
22	216
22	217
22	218
22	219
22	220
22	221
22	222
22	223
22	224
22	225
23	96
23	97
23	98
23	105
23	106
23	107
23	215
23	216
23	217
23	218
23	219
23	220
23	221
23	222
23	223
23	224
23	225
24	96
24	97
24	98
24	105
24	106
24	107
24	215
24	216
24	217
24	218
24	219
24	220
24	221
24	222
24	223
24	224
24	225
25	96
25	97
25	98
25	105
25	106
25	107
25	215
25	216
25	217
25	218
25	219
25	220
25	221
25	222
25	223
25	224
25	225
26	96
26	97
26	98
26	105
26	106
26	107
26	215
26	216
26	217
26	218
26	219
26	220
26	221
26	222
26	223
26	224
26	225
27	96
27	97
27	98
27	105
27	106
27	107
27	215
27	216
27	217
27	218
27	219
27	220
27	221
27	222
27	223
27	224
27	225
28	96
28	97
28	98
28	105
28	106
28	107
28	215
28	216
28	217
28	218
28	219
28	220
28	221
28	222
28	223
28	224
28	225
29	96
29	97
29	98
29	105
29	106
29	107
29	215
29	216
29	217
29	218
29	219
29	220
29	221
29	222
29	223
29	224
29	225
30	96
30	97
30	98
30	105
30	106
30	107
30	215
30	216
30	217
30	218
30	219
30	220
30	221
30	222
30	223
30	224
30	225
31	96
31	97
31	98
31	105
31	106
31	107
31	215
31	216
31	217
31	218
31	219
31	220
31	221
31	222
31	223
31	224
31	225
32	96
32	97
32	98
32	105
32	106
32	107
32	215
32	216
32	217
32	218
32	219
32	220
32	221
32	222
32	223
32	224
32	225
33	96
33	97
33	98
33	105
33	106
33	107
33	215
33	216
33	217
33	218
33	219
33	220
33	221
33	222
33	223
33	224
33	225
34	96
34	97
34	98
34	105
34	106
34	107
35	96
35	97
35	98
35	105
35	106
35	107
35	215
35	216
35	217
35	218
35	219
35	220
35	221
35	222
35	223
35	224
35	225
36	96
36	97
36	98
36	105
36	106
36	107
36	215
36	216
36	217
36	218
36	219
36	220
36	221
36	222
36	223
36	224
36	225
37	96
37	97
37	98
37	105
37	106
37	107
37	215
37	216
37	217
37	218
37	219
37	220
37	221
37	222
37	223
37	224
37	225
38	96
38	97
38	98
38	105
38	106
38	107
38	215
38	216
38	217
38	218
38	219
38	220
38	221
38	222
38	223
38	224
38	225
39	96
39	97
39	98
39	105
39	106
39	107
39	215
39	216
39	217
39	218
39	219
39	220
39	221
39	222
39	223
39	224
39	225
40	96
40	97
40	98
40	105
40	106
40	107
40	215
40	216
40	217
40	218
40	219
40	220
40	221
40	222
40	223
40	224
40	225
41	96
41	97
41	98
41	105
41	106
41	107
41	215
41	216
41	217
41	218
41	219
41	220
41	221
41	222
41	223
41	224
41	225
42	96
42	97
42	98
42	105
42	106
42	107
42	215
42	216
42	217
42	218
42	219
42	220
42	221
42	222
42	223
42	224
42	225
43	96
43	97
43	98
43	105
43	106
43	107
43	215
43	216
43	217
43	218
43	219
43	220
43	221
43	222
43	223
43	224
43	225
44	96
44	97
44	98
44	105
44	106
44	107
44	215
44	216
44	217
44	218
44	219
44	220
44	221
44	222
44	223
44	224
44	225
45	96
45	97
45	98
45	105
45	106
45	107
45	215
45	216
45	217
45	218
45	219
45	220
45	221
45	222
45	223
45	224
45	225
46	96
46	97
46	98
46	106
46	107
46	108
46	215
46	216
46	217
46	218
46	219
46	220
46	221
46	222
46	223
46	224
46	225
47	96
47	97
47	98
47	106
47	107
47	108
47	215
47	216
47	217
47	218
47	219
47	220
47	221
47	222
47	223
47	224
47	225
48	96
48	97
48	98
48	106
48	107
48	108
48	215
48	216
48	217
48	218
48	219
48	220
48	221
48	222
48	223
48	224
48	225
49	96
49	97
49	98
49	106
49	107
49	108
49	215
49	216
49	217
49	218
49	219
49	220
49	221
49	222
49	223
49	224
49	225
50	96
50	97
50	98
50	106
50	107
50	108
51	96
51	97
51	98
51	106
51	107
51	108
51	215
51	216
51	217
51	218
51	219
51	220
51	221
51	222
51	223
51	224
51	225
52	106
52	107
52	108
52	215
52	216
52	217
52	218
52	219
52	220
52	221
52	222
52	223
52	224
52	225
53	96
53	97
53	98
53	106
53	107
53	108
53	215
53	216
53	217
53	218
53	219
53	220
53	221
53	222
53	223
53	224
53	225
54	96
54	97
54	98
54	106
54	107
54	108
54	215
54	216
54	217
54	218
54	219
54	220
54	221
54	222
54	223
54	224
54	225
55	96
55	97
55	98
55	106
55	107
55	108
55	215
55	216
55	217
55	218
55	219
55	220
55	221
55	222
55	223
55	224
55	225
56	96
56	97
56	98
56	106
56	107
56	108
56	215
56	216
56	217
56	218
56	219
56	220
56	221
56	222
56	223
56	224
56	225
57	96
57	97
57	98
57	106
57	107
57	108
57	215
57	216
57	217
57	218
57	219
57	220
57	221
57	222
57	223
57	224
57	225
58	96
58	97
58	98
58	106
58	107
58	108
58	215
58	216
58	217
58	218
58	219
58	220
58	221
58	222
58	223
58	224
58	225
59	96
59	97
59	98
59	106
59	107
59	108
59	216
59	217
59	218
59	219
59	220
59	221
59	222
59	223
59	224
59	225
59	226
60	96
60	97
60	98
60	106
60	107
60	108
61	96
61	97
61	98
61	106
61	107
61	108
61	216
61	217
61	218
61	219
61	220
61	221
61	222
61	223
61	224
61	225
61	226
62	96
62	97
62	98
62	106
62	107
62	108
62	216
62	217
62	218
62	219
62	220
62	221
62	222
62	223
62	224
62	225
62	226
63	96
63	97
63	98
63	106
63	107
63	108
63	216
63	217
63	218
63	219
63	220
63	221
63	222
63	223
63	224
63	225
63	226
64	96
64	97
64	98
64	106
64	107
64	108
64	216
64	217
64	218
64	219
64	220
64	221
64	222
64	223
64	224
64	225
64	226
65	96
65	97
65	98
65	106
65	107
65	108
65	217
65	218
65	219
65	220
65	221
65	222
65	223
65	224
65	225
65	226
65	227
66	96
66	97
66	98
66	106
66	107
66	108
66	217
66	218
66	219
66	220
66	221
66	222
66	223
66	224
66	225
66	226
66	227
67	96
67	97
67	98
67	106
67	107
67	108
67	218
67	219
67	220
67	221
67	222
67	223
67	224
67	225
67	226
67	227
67	228
68	96
68	97
68	98
68	106
68	107
68	108
68	218
68	219
68	220
68	221
68	222
68	223
68	224
68	225
68	226
68	227
68	228
69	96
69	97
69	98
69	106
69	107
69	108
69	218
69	219
69	220
69	221
69	222
69	223
69	224
69	225
69	226
69	227
69	228
70	96
70	97
70	98
70	106
70	107
70	108
70	218
70	219
70	220
70	221
70	222
70	223
70	224
70	225
70	226
70	227
70	228
71	96
71	97
71	98
71	106
71	107
71	108
71	218
71	219
71	220
71	221
71	222
71	223
71	224
71	225
71	226
71	227
71	228
72	96
72	97
72	98
72	106
72	107
72	108
72	218
72	219
72	220
72	221
72	222
72	223
72	224
72	225
72	226
72	227
72	228
73	96
73	97
73	98
73	106
73	107
73	108
73	218
73	219
73	220
73	221
73	222
73	223
73	224
73	225
73	226
73	227
73	228
74	96
74	97
74	98
74	106
74	107
74	108
74	218
74	219
74	220
74	221
74	222
74	223
74	224
74	225
74	226
74	227
74	228
75	96
75	97
75	98
75	106
75	107
75	108
75	218
75	219
75	220
75	221
75	222
75	223
75	224
75	225
75	226
75	227
75	228
76	106
76	107
76	108
76	218
76	219
76	220
76	221
76	222
76	223
76	224
76	225
76	226
76	227
76	228
77	96
77	97
77	98
77	106
77	107
77	108
77	219
77	220
77	221
77	222
77	223
77	224
77	225
77	226
77	227
77	228
77	229
78	96
78	97
78	98
78	106
78	107
78	108
78	219
78	220
78	221
78	222
78	223
78	224
78	225
78	226
78	227
78	228
78	229
79	96
79	97
79	98
79	106
79	107
79	108
79	109
79	219
79	220
79	221
79	222
79	223
79	224
79	225
79	226
79	227
79	228
79	229
80	96
80	97
80	98
80	107
80	108
80	109
80	219
80	220
80	221
80	222
80	223
80	224
80	225
80	226
80	227
80	228
80	229
81	96
81	97
81	98
81	107
81	108
81	109
81	219
81	220
81	221
81	222
81	223
81	224
81	225
81	226
81	227
81	228
81	229
82	96
82	97
82	98
82	107
82	108
82	109
82	219
82	220
82	221
82	222
82	223
82	224
82	225
82	226
82	227
82	228
82	229
83	96
83	97
83	98
83	107
83	108
83	109
83	219
83	220
83	221
83	222
83	223
83	224
83	225
83	226
83	227
83	228
83	229
84	96
84	97
84	98
84	107
84	108
84	109
84	219
84	220
84	221
84	222
84	223
84	224
84	225
84	226
84	227
84	228
84	229
85	96
85	97
85	98
85	107
85	108
85	109
85	219
85	220
85	221
85	222
85	223
85	224
85	225
85	226
85	227
85	228
85	229
86	96
86	97
86	98
86	107
86	108
86	109
87	96
87	97
87	98
87	107
87	108
87	109
87	219
87	220
87	221
87	222
87	223
87	224
87	225
87	226
87	227
87	228
87	229
88	96
88	97
88	98
88	107
88	108
88	109
88	219
88	220
88	221
88	222
88	223
88	224
88	225
88	226
88	227
88	228
88	229
89	96
89	97
89	98
89	107
89	108
89	109
89	219
89	220
89	221
89	222
89	223
89	224
89	225
89	226
89	227
89	228
89	229
90	96
90	97
90	98
90	107
90	108
90	109
90	219
90	220
90	221
90	222
90	223
90	224
90	225
90	226
90	227
90	228
90	229
91	96
91	97
91	98
91	107
91	108
91	109
91	219
91	220
91	221
91	222
91	223
91	224
91	225
91	226
91	227
91	228
91	229
92	96
92	97
92	98
92	107
92	108
92	109
92	219
92	220
92	221
92	222
92	223
92	224
92	225
92	226
92	227
92	228
92	229
93	96
93	97
93	98
93	108
93	109
93	110
93	219
93	220
93	221
93	222
93	223
93	224
93	225
93	226
93	227
93	228
93	229
94	96
94	97
94	98
94	108
94	109
94	110
94	219
94	220
94	221
94	222
94	223
94	224
94	225
94	226
94	227
94	228
94	229
95	96
95	97
95	98
95	108
95	109
95	110
95	219
95	220
95	221
95	222
95	223
95	224
95	225
95	226
95	227
95	228
95	229
96	96
96	97
96	98
96	108
96	109
96	110
96	219
96	220
96	221
96	222
96	223
96	224
96	225
96	226
96	227
96	228
96	229
97	96
97	97
97	98
97	108
97	109
97	110
97	219
97	220
97	221
97	222
97	223
97	224
97	225
97	226
97	227
97	228
97	229
98	96
98	97
98	98
98	108
98	109
98	110
98	219
98	220
98	221
98	222
98	223
98	224
98	225
98	226
98	227
98	228
98	229
99	96
99	97
99	98
99	108
99	109
99	110
99	219
99	220
99	221
99	222
99	223
99	224
99	225
99	226
99	227
99	228
99	229
100	96
100	97
100	98
100	108
100	109
100	110
100	219
100	220
100	221
100	222
100	223
100	224
100	225
100	226
100	227
100	228
100	229
101	96
101	97
101	98
101	108
101	109
101	110
101	219
101	220
101	221
101	222
101	223
101	224
101	225
101	226
101	227
101	228
101	229
102	96
102	97
102	98
102	108
102	109
102	110
102	219
102	220
102	221
102	222
102	223
102	224
102	225
102	226
102	227
102	228
102	229
103	96
103	97
103	98
103	108
103	109
103	110
103	219
103	220
103	221
103	222
103	223
103	224
103	225
103	226
103	227
103	228
103	229
104	96
104	97
104	98
104	108
104	109
104	110
104	219
104	220
104	221
104	222
104	223
104	224
104	225
104	226
104	227
104	228
104	229
105	96
105	97
105	98
105	108
105	109
105	110
105	219
105	220
105	221
105	222
105	223
105	224
105	225
105	226
105	227
105	228
105	229
106	96
106	97
106	98
106	108
106	109
106	110
106	219
106	220
106	221
106	222
106	223
106	224
106	225
106	226
106	227
106	228
106	229
107	96
107	97
107	98
107	107
107	108
107	109
107	219
107	220
107	221
107	222
107	223
107	224
107	225
107	226
107	227
107	228
107	229
108	96
108	97
108	98
108	219
108	220
108	221
108	222
108	223
108	224
108	225
108	226
108	227
108	228
108	229
109	96
109	97
109	98
109	107
109	108
109	109
109	219
109	220
109	221
109	222
109	223
109	224
109	225
109	226
109	227
109	228
109	229
110	96
110	97
110	98
110	107
110	108
110	109
110	219
110	220
110	221
110	222
110	223
110	224
110	225
110	226
110	227
110	228
110	229
111	97
111	98
111	99
111	107
111	108
111	109
111	219
111	220
111	221
111	222
111	223
111	224
111	225
111	226
111	227
111	228
111	229
112	97
112	98
112	99
112	107
112	108
112	109
112	219
112	220
112	221
112	222
112	223
112	224
112	225
112	226
112	227
112	228
112	229
113	97
113	98
113	99
113	107
113	108
113	109
113	219
113	220
113	221
113	222
113	223
113	224
113	225
113	226
113	227
113	228
113	229
114	97
114	98
114	99
114	107
114	108
114	109
114	219
114	220
114	221
114	222
114	223
114	224
114	225
114	226
114	227
114	228
114	229
115	97
115	98
115	99
115	107
115	108
115	109
115	219
115	220
115	221
115	222
115	223
115	224
115	225
115	226
115	227
115	228
115	229
116	97
116	98
116	99
116	107
116	108
116	109
116	219
116	220
116	221
116	222
116	223
116	224
116	225
116	226
116	227
116	228
116	229
117	97
117	98
117	99
117	107
117	108
117	109
117	219
117	220
117	221
117	222
117	223
117	224
117	225
117	226
117	227
117	228
117	229
118	97
118	98
118	99
118	107
118	108
118	109
118	219
118	220
118	221
118	222
118	223
118	224
118	225
118	226
118	227
118	228
118	229
119	97
119	98
119	99
119	107
119	108
119	109
119	219
119	220
119	221
119	222
119	223
119	224
119	225
119	226
119	227
119	228
119	229
120	97
120	98
120	99
120	107
120	108
120	109
120	219
120	220
120	221
120	222
120	223
120	224
120	225
120	226
120	227
120	228
120	229
121	97
121	98
121	99
121	107
121	108
121	109
121	219
121	220
121	221
121	222
121	223
121	224
121	225
121	226
121	227
121	228
121	229
122	97
122	98
122	99
122	107
122	108
122	109
122	219
122	220
122	221
122	222
122	223
122	224
122	225
122	226
122	227
122	228
122	229
123	97
123	98
123	99
123	107
123	108
123	109
123	219
123	220
123	221
123	222
123	223
123	224
123	225
123	226
123	227
123	228
123	229
124	97
124	98
124	99
124	107
124	108
124	109
124	219
124	220
124	221
124	222
124	223
124	224
124	225
124	226
124	227
124	228
124	229
125	97
125	98
125	99
125	107
125	108
125	109
125	219
125	220
125	221
125	222
125	223
125	224
125	225
125	226
125	227
125	228
125	229
126	97
126	98
126	99
126	107
126	108
126	109
126	219
126	220
126	221
126	222
126	223
126	224
126	225
126	226
126	227
126	228
126	229
127	97
127	98
127	99
127	107
127	108
127	109
127	219
127	220
127	221
127	222
127	223
127	224
127	225
127	226
127	227
127	228
127	229
128	97
128	98
128	99
128	107
128	108
128	109
128	219
128	220
128	221
128	222
128	223
128	224
128	225
128	226
128	227
128	228
128	229
129	97
129	98
129	99
129	107
129	108
129	109
130	97
130	98
130	99
130	107
130	108
130	109
130	219
130	220
130	221
130	222
130	223
130	224
130	225
130	226
130	227
130	228
130	229
131	97
131	98
131	99
131	107
131	108
131	109
132	97
132	98
132	99
132	107
132	108
132	109
132	219
132	220
132	221
132	222
132	223
132	224
132	225
132	226
132	227
132	228
132	229
133	97
133	98
133	99
133	107
133	108
133	109
133	219
133	220
133	221
133	222
133	223
133	224
133	225
133	226
133	227
133	228
133	229
134	97
134	98
134	99
134	107
134	108
134	109
134	219
134	220
134	221
134	222
134	223
134	224
134	225
134	226
134	227
134	228
134	229
135	97
135	98
135	99
135	107
135	108
135	109
135	219
135	220
135	221
135	222
135	223
135	224
135	225
135	226
135	227
135	228
135	229
136	107
136	108
136	109
136	219
136	220
136	221
136	222
136	223
136	224
136	225
136	226
136	227
136	228
136	229
137	97
137	98
137	99
137	107
137	108
137	109
137	219
137	220
137	221
137	222
137	223
137	224
137	225
137	226
137	227
137	228
137	229
138	97
138	98
138	99
138	107
138	108
138	109
138	219
138	220
138	221
138	222
138	223
138	224
138	225
138	226
138	227
138	228
138	229
139	97
139	98
139	99
139	107
139	108
139	109
139	219
139	220
139	221
139	222
139	223
139	224
139	225
139	226
139	227
139	228
139	229
140	97
140	98
140	99
140	107
140	108
140	109
140	219
140	220
140	221
140	222
140	223
140	224
140	225
140	226
140	227
140	228
140	229
141	97
141	98
141	99
141	107
141	108
141	109
141	219
141	220
141	221
141	222
141	223
141	224
141	225
141	226
141	227
141	228
141	229
142	97
142	98
142	99
142	107
142	108
142	109
143	97
143	98
143	99
143	107
143	108
143	109
143	219
143	220
143	221
143	222
143	223
143	224
143	225
143	226
143	227
143	228
143	229
144	97
144	98
144	99
144	107
144	108
144	109
144	219
144	220
144	221
144	222
144	223
144	224
144	225
144	226
144	227
144	228
144	229
145	97
145	98
145	99
145	107
145	108
145	109
145	219
145	220
145	221
145	222
145	223
145	224
145	225
145	226
145	227
145	228
145	229
146	97
146	98
146	99
146	107
146	108
146	109
146	219
146	220
146	221
146	222
146	223
146	224
146	225
146	226
146	227
146	228
146	229
147	97
147	98
147	99
147	107
147	108
147	109
147	219
147	220
147	221
147	222
147	223
147	224
147	225
147	226
147	227
147	228
147	229
148	97
148	98
148	99
148	107
148	108
148	109
148	219
148	220
148	221
148	222
148	223
148	224
148	225
148	226
148	227
148	228
148	229
149	97
149	98
149	99
149	107
149	108
149	109
149	219
149	220
149	221
149	222
149	223
149	224
149	225
149	226
149	227
149	228
149	229
150	97
150	98
150	99
150	107
150	108
150	109
150	219
150	220
150	221
150	222
150	223
150	224
150	225
150	226
150	227
150	228
150	229
151	97
151	98
151	99
151	107
151	108
151	109
151	219
151	220
151	221
151	222
151	223
151	224
151	225
151	226
151	227
151	228
151	229
152	97
152	98
152	99
152	107
152	108
152	109
152	219
152	220
152	221
152	222
152	223
152	224
152	225
152	226
152	227
152	228
152	229
153	97
153	98
153	99
153	107
153	108
153	109
153	219
153	220
153	221
153	222
153	223
153	224
153	225
153	226
153	227
153	228
153	229
154	97
154	98
154	99
154	107
154	108
154	109
154	219
154	220
154	221
154	222
154	223
154	224
154	225
154	226
154	227
154	228
154	229
155	97
155	98
155	99
155	108
155	109
155	110
155	219
155	220
155	221
155	222
155	223
155	224
155	225
155	226
155	227
155	228
155	229
156	97
156	98
156	99
156	108
156	109
156	110
156	219
156	220
156	221
156	222
156	223
156	224
156	225
156	226
156	227
156	228
156	229
157	97
157	98
157	99
157	108
157	109
157	110
157	219
157	220
157	221
157	222
157	223
157	224
157	225
157	226
157	227
157	228
157	229
158	97
158	98
158	99
158	108
158	109
158	110
158	219
158	220
158	221
158	222
158	223
158	224
158	225
158	226
158	227
158	228
158	229
159	97
159	98
159	99
159	108
159	109
159	110
159	219
159	220
159	221
159	222
159	223
159	224
159	225
159	226
159	227
159	228
159	229
160	97
160	98
160	99
160	108
160	109
160	110
160	219
160	220
160	221
160	222
160	223
160	224
160	225
160	226
160	227
160	228
160	229
161	97
161	98
161	99
161	108
161	109
161	110
162	97
162	98
162	99
162	108
162	109
162	110
162	219
162	220
162	221
162	222
162	223
162	224
162	225
162	226
162	227
162	228
162	229
163	97
163	98
163	99
163	108
163	109
163	110
163	219
163	220
163	221
163	222
163	223
163	224
163	225
163	226
163	227
163	228
163	229
164	97
164	98
164	99
164	108
164	109
164	110
165	97
165	98
165	99
165	108
165	109
165	110
165	219
165	220
165	221
165	222
165	223
165	224
165	225
165	226
165	227
165	228
165	229
166	97
166	98
166	99
166	219
166	220
166	221
166	222
166	223
166	224
166	225
166	226
166	227
166	228
166	229
167	97
167	98
167	99
167	108
167	109
167	110
167	219
167	220
167	221
167	222
167	223
167	224
167	225
167	226
167	227
167	228
167	229
168	97
168	98
168	99
168	108
168	109
168	110
168	219
168	220
168	221
168	222
168	223
168	224
168	225
168	226
168	227
168	228
168	229
169	97
169	98
169	99
169	108
169	109
169	110
169	219
169	220
169	221
169	222
169	223
169	224
169	225
169	226
169	227
169	228
169	229
170	97
170	98
170	99
170	108
170	109
170	110
170	219
170	220
170	221
170	222
170	223
170	224
170	225
170	226
170	227
170	228
170	229
171	97
171	98
171	99
171	108
171	109
171	110
171	220
171	221
171	222
171	223
171	224
171	225
171	226
171	227
171	228
171	229
171	230
172	97
172	98
172	99
172	108
172	109
172	110
172	220
172	221
172	222
172	223
172	224
172	225
172	226
172	227
172	228
172	229
172	230
173	97
173	98
173	99
173	108
173	109
173	110
173	220
173	221
173	222
173	223
173	224
173	225
173	226
173	227
173	228
173	229
173	230
174	97
174	98
174	99
174	100
174	108
174	109
174	110
174	220
174	221
174	222
174	223
174	224
174	225
174	226
174	227
174	228
174	229
174	230
175	108
175	109
175	110
175	220
175	221
175	222
175	223
175	224
175	225
175	226
175	227
175	228
175	229
175	230
176	99
176	100
176	101
176	108
176	109
176	110
177	99
177	100
177	101
177	108
177	109
177	110
177	220
177	221
177	222
177	223
177	224
177	225
177	226
177	227
177	228
177	229
177	230
178	99
178	100
178	101
178	108
178	109
178	110
178	220
178	221
178	222
178	223
178	224
178	225
178	226
178	227
178	228
178	229
178	230
179	99
179	100
179	101
179	108
179	109
179	110
179	220
179	221
179	222
179	223
179	224
179	225
179	226
179	227
179	228
179	229
179	230
180	99
180	100
180	101
180	109
180	110
180	111
180	220
180	221
180	222
180	223
180	224
180	225
180	226
180	227
180	228
180	229
180	230
181	99
181	100
181	101
181	109
181	110
181	111
181	220
181	221
181	222
181	223
181	224
181	225
181	226
181	227
181	228
181	229
181	230
182	99
182	100
182	101
182	109
182	110
182	111
182	220
182	221
182	222
182	223
182	224
182	225
182	226
182	227
182	228
182	229
182	230
183	99
183	100
183	101
183	109
183	110
183	111
183	220
183	221
183	222
183	223
183	224
183	225
183	226
183	227
183	228
183	229
183	230
184	99
184	100
184	101
184	220
184	221
184	222
184	223
184	224
184	225
184	226
184	227
184	228
184	229
184	230
184	231
185	99
185	100
185	101
185	109
185	110
185	111
185	222
185	223
185	224
185	225
185	226
185	227
185	228
185	229
185	230
185	231
185	232
186	99
186	100
186	101
186	109
186	110
186	111
186	222
186	223
186	224
186	225
186	226
186	227
186	228
186	229
186	230
186	231
186	232
187	99
187	100
187	101
187	109
187	110
187	111
187	222
187	223
187	224
187	225
187	226
187	227
187	228
187	229
187	230
187	231
187	232
188	99
188	100
188	101
188	109
188	110
188	111
188	222
188	223
188	224
188	225
188	226
188	227
188	228
188	229
188	230
188	231
188	232
189	99
189	100
189	101
189	109
189	110
189	111
189	222
189	223
189	224
189	225
189	226
189	227
189	228
189	229
189	230
189	231
189	232
190	99
190	100
190	101
190	109
190	110
190	111
190	222
190	223
190	224
190	225
190	226
190	227
190	228
190	229
190	230
190	231
190	232
191	99
191	100
191	101
191	109
191	110
191	111
191	222
191	223
191	224
191	225
191	226
191	227
191	228
191	229
191	230
191	231
191	232
192	99
192	100
192	101
192	109
192	110
192	111
192	222
192	223
192	224
192	225
192	226
192	227
192	228
192	229
192	230
192	231
192	232
193	99
193	100
193	101
193	109
193	110
193	111
193	222
193	223
193	224
193	225
193	226
193	227
193	228
193	229
193	230
193	231
193	232
194	99
194	100
194	101
194	109
194	110
194	111
194	222
194	223
194	224
194	225
194	226
194	227
194	228
194	229
194	230
194	231
194	232
195	99
195	100
195	101
195	109
195	110
195	111
195	222
195	223
195	224
195	225
195	226
195	227
195	228
195	229
195	230
195	231
195	232
196	99
196	100
196	101
196	109
196	110
196	111
196	222
196	223
196	224
196	225
196	226
196	227
196	228
196	229
196	230
196	231
196	232
197	99
197	100
197	101
197	109
197	110
197	111
197	222
197	223
197	224
197	225
197	226
197	227
197	228
197	229
197	230
197	231
197	232
198	99
198	100
198	101
198	109
198	110
198	111
198	222
198	223
198	224
198	225
198	226
198	227
198	228
198	229
198	230
198	231
198	232
199	99
199	100
199	101
199	109
199	110
199	111
199	222
199	223
199	224
199	225
199	226
199	227
199	228
199	229
199	230
199	231
199	232
200	99
200	100
200	101
200	109
200	110
200	111
200	222
200	223
200	224
200	225
200	226
200	227
200	228
200	229
200	230
200	231
200	232
201	99
201	100
201	101
201	109
201	110
201	111
201	222
201	223
201	224
201	225
201	226
201	227
201	228
201	229
201	230
201	231
201	232
202	99
202	100
202	101
202	108
202	109
202	110
202	222
202	223
202	224
202	225
202	226
202	227
202	228
202	229
202	230
202	231
202	232
203	99
203	100
203	101
203	108
203	109
203	110
203	222
203	223
203	224
203	225
203	226
203	227
203	228
203	229
203	230
203	231
203	232
204	99
204	100
204	101
204	108
204	109
204	110
204	222
204	223
204	224
204	225
204	226
204	227
204	228
204	229
204	230
204	231
204	232
205	99
205	100
205	101
205	108
205	109
205	110
205	222
205	223
205	224
205	225
205	226
205	227
205	228
205	229
205	230
205	231
205	232
206	99
206	100
206	101
206	108
206	109
206	110
206	222
206	223
206	224
206	225
206	226
206	227
206	228
206	229
206	230
206	231
206	232
207	99
207	100
207	101
207	108
207	109
207	110
207	222
207	223
207	224
207	225
207	226
207	227
207	228
207	229
207	230
207	231
207	232
208	99
208	100
208	101
208	108
208	109
208	110
208	222
208	223
208	224
208	225
208	226
208	227
208	228
208	229
208	230
208	231
208	232
209	99
209	100
209	101
209	107
209	108
209	109
209	222
209	223
209	224
209	225
209	226
209	227
209	228
209	229
209	230
209	231
209	232
210	99
210	100
210	101
210	107
210	108
210	109
210	222
210	223
210	224
210	225
210	226
210	227
210	228
210	229
210	230
210	231
210	232
211	99
211	100
211	101
211	107
211	108
211	109
211	222
211	223
211	224
211	225
211	226
211	227
211	228
211	229
211	230
211	231
211	232
212	99
212	100
212	101
212	107
212	108
212	109
212	222
212	223
212	224
212	225
212	226
212	227
212	228
212	229
212	230
212	231
212	232
213	99
213	100
213	101
213	107
213	108
213	109
213	222
213	223
213	224
213	225
213	226
213	227
213	228
213	229
213	230
213	231
213	232
214	99
214	100
214	101
214	108
214	109
214	110
214	222
214	223
214	224
214	225
214	226
214	227
214	228
214	229
214	230
214	231
214	232
215	99
215	100
215	101
215	108
215	109
215	110
215	222
215	223
215	224
215	225
215	226
215	227
215	228
215	229
215	230
215	231
215	232
216	99
216	100
216	101
216	108
216	109
216	110
216	222
216	223
216	224
216	225
216	226
216	227
216	228
216	229
216	230
216	231
216	232
217	99
217	100
217	101
217	108
217	109
217	110
217	222
217	223
217	224
217	225
217	226
217	227
217	228
217	229
217	230
217	231
217	232
218	99
218	100
218	101
218	108
218	109
218	110
218	222
218	223
218	224
218	225
218	226
218	227
218	228
218	229
218	230
218	231
218	232
219	99
219	100
219	101
219	108
219	109
219	110
219	222
219	223
219	224
219	225
219	226
219	227
219	228
219	229
219	230
219	231
219	232
220	99
220	100
220	101
220	108
220	109
220	110
220	222
220	223
220	224
220	225
220	226
220	227
220	228
220	229
220	230
220	231
220	232
221	99
221	100
221	101
221	108
221	109
221	110
221	222
221	223
221	224
221	225
221	226
221	227
221	228
221	229
221	230
221	231
221	232
222	99
222	100
222	101
222	108
222	109
222	110
222	222
222	223
222	224
222	225
222	226
222	227
222	228
222	229
222	230
222	231
222	232
223	99
223	100
223	101
223	108
223	109
223	110
223	222
223	223
223	224
223	225
223	226
223	227
223	228
223	229
223	230
223	231
223	232
224	99
224	100
224	101
224	108
224	109
224	110
224	222
224	223
224	224
224	225
224	226
224	227
224	228
224	229
224	230
224	231
224	232
225	99
225	100
225	101
225	108
225	109
225	110
226	99
226	100
226	101
226	108
226	109
226	110
226	222
226	223
226	224
226	225
226	226
226	227
226	228
226	229
226	230
226	231
226	232
227	99
227	100
227	101
227	108
227	109
227	110
227	222
227	223
227	224
227	225
227	226
227	227
227	228
227	229
227	230
227	231
227	232
228	99
228	100
228	101
228	108
228	109
228	110
228	222
228	223
228	224
228	225
228	226
228	227
228	228
228	229
228	230
228	231
228	232
229	99
229	100
229	101
229	108
229	109
229	110
229	222
229	223
229	224
229	225
229	226
229	227
229	228
229	229
229	230
229	231
229	232
230	99
230	100
230	101
230	108
230	109
230	110
230	222
230	223
230	224
230	225
230	226
230	227
230	228
230	229
230	230
230	231
230	232
231	99
231	100
231	101
231	108
231	109
231	110
231	222
231	223
231	224
231	225
231	226
231	227
231	228
231	229
231	230
231	231
231	232
232	99
232	100
232	101
232	108
232	109
232	110
232	222
232	223
232	224
232	225
232	226
232	227
232	228
232	229
232	230
232	231
232	232
233	99
233	100
233	101
233	108
233	109
233	110
233	222
233	223
233	224
233	225
233	226
233	227
233	228
233	229
233	230
233	231
233	232
234	99
234	100
234	101
234	108
234	109
234	110
234	222
234	223
234	224
234	225
234	226
234	227
234	228
234	229
234	230
234	231
234	232
235	99
235	100
235	101
235	108
235	109
235	110
235	222
235	223
235	224
235	225
235	226
235	227
235	228
235	229
235	230
235	231
235	232
236	99
236	100
236	101
236	108
236	109
236	110
236	222
236	223
236	224
236	225
236	226
236	227
236	228
236	229
236	230
236	231
236	232
237	99
237	100
237	101
237	102
237	108
237	109
237	110
237	222
237	223
237	224
237	225
237	226
237	227
237	228
237	229
237	230
237	231
237	232
238	100
238	101
238	102
238	108
238	109
238	110
238	222
238	223
238	224
238	225
238	226
238	227
238	228
238	229
238	230
238	231
238	232
239	108
239	109
239	110
239	222
239	223
239	224
239	225
239	226
239	227
239	228
239	229
239	230
239	231
239	232
240	100
240	101
240	102
240	108
240	109
240	110
240	222
240	223
240	224
240	225
240	226
240	227
240	228
240	229
240	230
240	231
240	232
241	100
241	101
241	102
241	108
241	109
241	110
241	222
241	223
241	224
241	225
241	226
241	227
241	228
241	229
241	230
241	231
241	232
242	100
242	101
242	102
242	108
242	109
242	110
242	222
242	223
242	224
242	225
242	226
242	227
242	228
242	229
242	230
242	231
242	232
243	100
243	101
243	102
243	108
243	109
243	110
243	222
243	223
243	224
243	225
243	226
243	227
243	228
243	229
243	230
243	231
243	232
244	108
244	109
244	110
244	222
244	223
244	224
244	225
244	226
244	227
244	228
244	229
244	230
244	231
244	232
245	100
245	101
245	102
245	108
245	109
245	110
245	222
245	223
245	224
245	225
245	226
245	227
245	228
245	229
245	230
245	231
245	232
246	100
246	101
246	102
246	108
246	109
246	110
246	222
246	223
246	224
246	225
246	226
246	227
246	228
246	229
246	230
246	231
246	232
247	100
247	101
247	102
247	108
247	109
247	110
247	222
247	223
247	224
247	225
247	226
247	227
247	228
247	229
247	230
247	231
247	232
248	100
248	101
248	102
248	108
248	109
248	110
248	222
248	223
248	224
248	225
248	226
248	227
248	228
248	229
248	230
248	231
248	232
249	100
249	101
249	102
249	108
249	109
249	110
249	222
249	223
249	224
249	225
249	226
249	227
249	228
249	229
249	230
249	231
249	232
250	100
250	101
250	102
250	108
250	109
250	110
250	222
250	223
250	224
250	225
250	226
250	227
250	228
250	229
250	230
250	231
250	232
251	100
251	101
251	102
251	108
251	109
251	110
251	222
251	223
251	224
251	225
251	226
251	227
251	228
251	229
251	230
251	231
251	232
252	100
252	101
252	102
252	109
252	110
252	111
252	222
252	223
252	224
252	225
252	226
252	227
252	228
252	229
252	230
252	231
252	232
253	100
253	101
253	102
253	109
253	110
253	111
253	222
253	223
253	224
253	225
253	226
253	227
253	228
253	229
253	230
253	231
253	232
254	100
254	101
254	102
254	110
254	111
254	112
254	222
254	223
254	224
254	225
254	226
254	227
254	228
254	229
254	230
254	231
254	232
255	100
255	101
255	102
255	110
255	111
255	112
255	222
255	223
255	224
255	225
255	226
255	227
255	228
255	229
255	230
255	231
255	232
256	100
256	101
256	102
256	110
256	111
256	112
256	222
256	223
256	224
256	225
256	226
256	227
256	228
256	229
256	230
256	231
256	232
257	100
257	101
257	102
257	110
257	111
257	112
257	222
257	223
257	224
257	225
257	226
257	227
257	228
257	229
257	230
257	231
257	232
258	100
258	101
258	102
258	110
258	111
258	112
258	222
258	223
258	224
258	225
258	226
258	227
258	228
258	229
258	230
258	231
258	232
259	100
259	101
259	102
259	110
259	111
259	112
259	222
259	223
259	224
259	225
259	226
259	227
259	228
259	229
259	230
259	231
259	232
260	100
260	101
260	102
260	110
260	111
260	112
260	222
260	223
260	224
260	225
260	226
260	227
260	228
260	229
260	230
260	231
260	232
261	100
261	101
261	102
261	110
261	111
261	112
261	222
261	223
261	224
261	225
261	226
261	227
261	228
261	229
261	230
261	231
261	232
262	100
262	101
262	102
262	110
262	111
262	112
262	222
262	223
262	224
262	225
262	226
262	227
262	228
262	229
262	230
262	231
262	232
263	100
263	101
263	102
263	110
263	111
263	112
263	223
263	224
263	225
263	226
263	227
263	228
263	229
263	230
263	231
263	232
263	233
264	100
264	101
264	102
264	110
264	111
264	112
264	223
264	224
264	225
264	226
264	227
264	228
264	229
264	230
264	231
264	232
264	233
264	312
264	313
264	314
264	315
264	316
264	317
264	318
264	319
265	100
265	101
265	102
265	110
265	111
265	112
265	223
265	224
265	225
265	226
265	227
265	228
265	229
265	230
265	231
265	232
265	233
265	234
265	312
265	313
265	314
265	315
265	316
265	317
265	318
265	319
266	100
266	101
266	102
266	110
266	111
266	112
266	224
266	225
266	226
266	227
266	228
266	229
266	230
266	231
266	232
266	233
266	234
266	235
266	311
266	312
266	313
266	314
266	315
266	316
266	317
266	318
266	319
267	100
267	101
267	102
267	110
267	111
267	112
267	225
267	226
267	227
267	228
267	229
267	230
267	231
267	232
267	233
267	234
267	235
267	310
267	311
267	312
267	313
267	314
267	315
267	316
267	317
267	318
267	319
268	100
268	101
268	102
268	110
268	111
268	112
268	225
268	226
268	227
268	228
268	229
268	230
268	231
268	232
268	233
268	234
268	235
268	310
268	311
268	312
268	313
268	314
268	315
268	316
268	317
268	318
268	319
269	100
269	101
269	102
269	110
269	111
269	112
269	225
269	226
269	227
269	228
269	229
269	230
269	231
269	232
269	233
269	234
269	235
269	297
269	298
269	299
269	300
269	301
269	302
269	303
269	304
269	305
269	306
269	307
269	308
269	309
269	310
269	311
269	312
269	313
269	314
269	315
269	316
269	317
269	318
269	319
270	100
270	101
270	102
270	110
270	111
270	112
270	225
270	226
270	227
270	228
270	229
270	230
270	231
270	232
270	233
270	234
270	235
270	295
270	296
270	297
270	298
270	299
270	300
270	301
270	302
270	303
270	304
270	305
270	306
270	307
270	308
270	309
270	310
270	311
270	312
270	313
270	314
270	315
270	316
270	317
270	318
270	319
271	100
271	101
271	102
271	110
271	111
271	112
271	225
271	226
271	227
271	228
271	229
271	230
271	231
271	232
271	233
271	234
271	235
271	293
271	294
271	295
271	296
271	297
271	298
271	299
271	300
271	301
271	302
271	303
271	304
271	305
271	306
271	307
271	308
271	309
271	310
271	311
271	312
271	313
271	314
271	315
271	316
271	317
271	318
271	319
272	100
272	101
272	102
272	110
272	111
272	112
272	225
272	226
272	227
272	228
272	229
272	230
272	231
272	232
272	233
272	234
272	235
272	290
272	291
272	292
272	293
272	294
272	295
272	296
272	297
272	298
272	299
272	300
272	301
272	302
272	303
272	304
272	305
272	306
272	307
272	308
272	309
272	310
272	311
272	312
272	313
272	314
272	315
272	316
272	317
272	318
272	319
273	100
273	101
273	102
273	110
273	111
273	112
273	225
273	226
273	227
273	228
273	229
273	230
273	231
273	232
273	233
273	234
273	235
273	287
273	288
273	289
273	290
273	291
273	292
273	293
273	294
273	295
273	296
273	297
273	298
273	299
273	300
273	301
273	302
273	303
273	304
273	305
273	308
273	309
273	310
273	311
273	312
273	313
273	314
273	315
273	316
273	317
273	318
273	319
274	100
274	101
274	102
274	110
274	111
274	112
274	225
274	226
274	227
274	228
274	229
274	230
274	231
274	232
274	233
274	234
274	235
274	283
274	284
274	285
274	286
274	287
274	288
274	289
274	290
274	291
274	292
274	293
274	294
274	295
274	296
274	297
274	298
274	299
274	300
274	301
274	302
274	303
274	304
274	305
274	306
274	307
274	308
274	309
274	310
274	311
274	312
274	313
274	314
274	315
274	316
274	317
275	100
275	101
275	102
275	110
275	111
275	112
275	283
275	284
275	285
275	286
275	287
275	288
275	289
275	290
275	291
275	292
275	293
275	294
275	295
275	296
275	297
275	298
275	299
275	300
275	301
275	302
275	303
275	304
275	305
275	306
275	307
275	308
275	309
275	310
275	311
275	312
275	313
275	314
275	315
275	316
275	317
275	318
275	319
276	100
276	101
276	102
276	110
276	111
276	112
276	225
276	226
276	227
276	228
276	229
276	230
276	231
276	232
276	233
276	234
276	235
276	280
276	281
276	282
276	283
276	284
276	285
276	286
276	287
276	288
276	289
276	290
276	291
276	292
276	293
276	294
276	295
276	296
276	297
276	298
276	299
276	300
276	301
276	302
276	303
276	304
276	305
276	306
276	307
276	308
276	309
276	310
276	311
276	312
276	313
276	314
276	315
276	316
277	100
277	101
277	102
277	110
277	111
277	112
277	225
277	226
277	227
277	228
277	229
277	230
277	231
277	232
277	233
277	234
277	235
277	274
277	275
277	276
277	277
277	278
277	279
277	280
277	281
277	282
277	283
277	284
277	285
277	286
277	287
277	288
277	289
277	290
277	291
277	292
277	293
277	294
277	295
277	296
277	297
277	298
277	299
277	300
277	301
277	302
277	303
277	304
277	305
277	306
277	307
277	308
277	309
277	310
277	311
278	100
278	101
278	102
278	110
278	111
278	112
278	225
278	226
278	227
278	228
278	229
278	230
278	231
278	232
278	233
278	234
278	235
278	273
278	274
278	275
278	276
278	277
278	278
278	279
278	280
278	281
278	282
278	283
278	284
278	285
278	286
278	287
278	288
278	289
278	290
278	291
278	292
278	293
278	294
278	295
278	296
278	297
278	298
278	299
278	300
278	301
278	302
278	303
278	304
278	305
278	306
278	307
278	308
278	309
278	310
279	100
279	101
279	102
279	110
279	111
279	112
279	225
279	226
279	227
279	228
279	229
279	230
279	231
279	232
279	233
279	234
279	235
279	266
279	267
279	268
279	269
279	270
279	271
279	272
279	273
279	274
279	275
279	276
279	277
279	278
279	279
279	280
279	281
279	282
279	283
279	284
279	285
279	286
279	287
279	288
279	289
279	290
279	291
279	292
279	293
279	294
279	295
279	296
279	297
279	298
279	299
279	300
279	301
279	302
279	303
279	304
279	305
279	306
279	307
280	100
280	101
280	102
280	110
280	111
280	112
280	225
280	226
280	227
280	228
280	229
280	230
280	231
280	232
280	233
280	234
280	235
280	263
280	264
280	265
280	266
280	267
280	268
280	269
280	270
280	271
280	272
280	273
280	274
280	275
280	276
280	277
280	278
280	279
280	280
280	281
280	282
280	283
280	284
280	285
280	286
280	287
280	288
280	289
280	290
280	291
280	292
280	293
280	294
280	295
280	296
280	297
280	298
280	299
280	300
281	100
281	101
281	102
281	110
281	111
281	112
281	225
281	226
281	227
281	228
281	229
281	230
281	231
281	232
281	233
281	234
281	235
281	260
281	261
281	262
281	263
281	264
281	265
281	266
281	267
281	268
281	269
281	270
281	271
281	272
281	273
281	274
281	275
281	276
281	277
281	278
281	279
281	280
281	281
281	282
281	283
281	284
281	285
281	286
281	287
281	288
281	289
281	290
281	291
281	292
281	293
281	294
281	295
281	296
281	297
282	100
282	101
282	102
282	110
282	111
282	112
282	225
282	226
282	227
282	228
282	229
282	230
282	231
282	232
282	233
282	234
282	235
282	258
282	259
282	260
282	261
282	262
282	263
282	264
282	265
282	266
282	267
282	268
282	269
282	270
282	271
282	272
282	273
282	274
282	275
282	276
282	277
282	278
282	279
282	280
282	281
282	282
282	283
282	284
282	285
282	286
282	287
282	288
282	289
282	290
282	291
282	292
282	293
282	294
282	295
282	296
283	100
283	101
283	102
283	110
283	111
283	112
283	225
283	226
283	227
283	228
283	229
283	230
283	231
283	232
283	233
283	234
283	235
283	253
283	254
283	255
283	256
283	257
283	258
283	259
283	260
283	261
283	262
283	263
283	264
283	265
283	266
283	267
283	268
283	269
283	270
283	271
283	272
283	273
283	274
283	275
283	276
283	277
283	278
283	279
283	280
283	281
283	282
283	283
283	284
283	285
283	286
283	287
283	288
283	289
283	290
283	291
283	292
283	293
284	100
284	101
284	102
284	110
284	111
284	112
284	225
284	226
284	227
284	228
284	229
284	230
284	231
284	232
284	233
284	234
284	235
284	248
284	249
284	250
284	251
284	252
284	253
284	254
284	255
284	256
284	257
284	258
284	259
284	260
284	261
284	262
284	263
284	264
284	265
284	266
284	267
284	268
284	269
284	270
284	271
284	272
284	273
284	274
284	275
284	276
284	277
284	278
284	279
284	280
284	281
284	282
284	283
284	284
285	100
285	101
285	102
285	110
285	111
285	112
285	225
285	226
285	227
285	228
285	229
285	230
285	231
285	232
285	233
285	234
285	235
285	246
285	247
285	248
285	249
285	250
285	251
285	252
285	253
285	254
285	255
285	256
285	257
285	258
285	259
285	260
285	261
285	262
285	263
285	264
285	265
285	266
285	267
285	268
285	271
285	272
285	273
285	274
285	275
285	276
285	277
285	278
285	279
285	280
285	281
285	282
285	283
286	100
286	101
286	102
286	110
286	111
286	112
286	113
286	225
286	226
286	227
286	228
286	229
286	230
286	231
286	232
286	233
286	234
286	235
286	242
286	243
286	244
286	245
286	246
286	247
286	248
286	249
286	250
286	251
286	252
286	253
286	254
286	255
286	256
286	257
286	258
286	259
286	260
286	261
286	262
286	263
286	264
286	265
286	269
286	270
286	271
286	272
286	273
286	274
286	275
286	276
286	277
286	278
286	279
286	280
287	100
287	101
287	102
287	111
287	112
287	113
287	225
287	226
287	227
287	228
287	229
287	230
287	231
287	232
287	233
287	234
287	235
287	241
287	242
287	243
287	244
287	245
287	246
287	247
287	248
287	249
287	250
287	251
287	252
287	253
287	254
287	255
287	256
287	257
287	258
287	259
287	260
287	261
287	262
287	267
287	268
287	269
287	270
287	271
287	272
287	273
287	274
287	275
287	276
287	277
287	278
287	279
288	100
288	101
288	102
288	109
288	110
288	111
288	112
288	113
288	114
288	224
288	225
288	226
288	227
288	228
288	229
288	230
288	231
288	232
288	233
288	234
288	236
288	237
288	238
288	239
288	240
288	241
288	242
288	243
288	244
288	245
288	246
288	247
288	248
288	249
288	250
288	251
288	252
288	253
288	254
288	255
288	256
288	257
288	258
288	259
288	260
288	266
288	267
288	268
288	269
288	270
288	271
288	272
288	273
288	274
288	275
288	276
289	100
289	101
289	102
289	107
289	108
289	109
289	110
289	111
289	223
289	224
289	225
289	226
289	227
289	228
289	229
289	230
289	231
289	232
289	233
289	234
289	235
289	236
289	237
289	238
289	239
289	240
289	241
289	242
289	243
289	244
289	245
289	246
289	247
289	248
289	249
289	250
289	251
289	252
289	253
289	254
289	255
289	260
289	261
289	262
289	263
289	264
289	265
289	266
289	267
289	268
289	269
289	270
289	271
289	272
289	273
289	274
289	275
290	100
290	101
290	102
290	105
290	106
290	107
290	108
290	109
290	110
290	223
290	224
290	225
290	226
290	227
290	228
290	229
290	230
290	231
290	232
290	233
290	234
290	235
290	236
290	237
290	238
290	239
290	240
290	241
290	242
290	243
290	244
290	245
290	246
290	247
290	248
290	249
290	250
290	251
290	252
290	253
290	254
290	255
290	256
290	257
290	258
290	259
290	260
290	261
290	262
290	263
290	264
290	265
290	266
290	267
290	268
290	269
291	100
291	101
291	102
291	103
291	104
291	105
291	106
291	108
291	109
291	110
291	222
291	223
291	224
291	225
291	226
291	227
291	228
291	229
291	230
291	231
291	232
291	233
291	234
291	235
291	236
291	237
291	238
291	239
291	240
291	241
291	242
291	243
291	244
291	245
291	246
291	252
291	253
291	254
291	255
291	256
291	257
291	258
291	259
291	260
291	261
291	262
291	263
292	100
292	101
292	102
292	103
292	104
292	105
292	106
292	107
292	108
292	109
292	222
292	223
292	224
292	225
292	226
292	227
292	228
292	229
292	230
292	231
292	232
292	233
292	234
292	235
292	236
292	237
292	238
292	239
292	247
292	248
292	249
292	250
292	251
292	252
292	253
292	254
292	255
292	256
292	257
292	258
292	259
292	260
292	261
293	100
293	101
293	102
293	103
293	106
293	107
293	108
293	220
293	221
293	222
293	223
293	224
293	225
293	226
293	227
293	228
293	229
293	230
293	231
293	232
293	233
293	234
293	235
293	236
293	237
293	244
293	245
293	246
293	247
293	248
293	249
293	250
293	251
293	252
293	253
293	254
293	255
293	256
294	98
294	99
294	100
294	101
294	102
294	103
294	104
294	105
294	106
294	107
294	217
294	218
294	219
294	220
294	221
294	222
294	223
294	224
294	225
294	226
294	227
294	228
294	229
294	230
294	231
294	232
294	233
294	234
294	235
294	239
294	240
294	241
294	242
294	243
294	244
294	245
294	246
294	247
294	248
294	249
294	250
294	251
294	252
294	253
294	254
295	100
295	101
295	102
295	103
295	104
295	105
295	106
295	214
295	215
295	216
295	217
295	218
295	219
295	220
295	221
295	222
295	223
295	224
295	225
295	226
295	227
295	228
295	229
295	230
295	231
295	232
295	238
295	239
295	240
295	241
295	242
295	243
295	244
295	245
295	246
295	247
295	248
296	98
296	99
296	100
296	101
296	102
296	103
296	104
296	213
296	214
296	215
296	216
296	217
296	218
296	219
296	220
296	221
296	222
296	223
296	224
296	225
296	226
296	227
296	228
296	229
296	230
296	234
296	235
296	236
296	237
296	238
296	239
296	240
296	241
296	242
296	243
296	244
296	245
296	246
296	247
296	248
297	100
297	101
297	102
297	103
297	201
297	202
297	203
297	204
297	205
297	206
297	207
297	208
297	209
297	210
297	211
297	212
297	213
297	214
297	215
297	216
297	217
297	218
297	219
297	220
297	221
297	222
297	223
297	224
297	225
297	226
297	227
297	228
297	229
297	230
297	231
297	232
297	233
297	234
297	235
297	236
297	237
297	238
297	239
297	240
297	241
297	242
297	243
298	100
298	101
298	102
298	103
298	199
298	200
298	201
298	202
298	203
298	204
298	205
298	206
298	207
298	208
298	209
298	210
298	211
298	212
298	213
298	214
298	215
298	216
298	217
298	218
298	219
298	220
298	221
298	222
298	223
298	224
298	225
298	226
298	227
298	228
298	229
298	230
298	231
298	232
298	233
299	100
299	101
299	102
299	103
299	196
299	197
299	198
299	199
299	200
299	201
299	202
299	203
299	204
299	205
299	206
299	207
299	208
299	209
299	210
299	211
299	212
299	213
299	214
299	215
299	216
299	217
299	218
299	219
299	220
299	221
299	222
299	223
299	224
299	225
299	226
299	227
299	228
299	229
299	230
299	231
299	232
300	100
300	101
300	102
300	103
300	195
300	196
300	197
300	198
300	199
300	200
300	201
300	202
300	203
300	204
300	205
300	206
300	207
300	208
300	209
300	210
300	211
300	212
300	213
300	214
300	215
300	216
300	217
300	218
300	219
300	220
300	221
300	222
300	223
300	224
300	225
300	226
301	100
301	101
301	102
301	103
301	191
301	192
301	193
301	194
301	195
301	196
301	197
301	198
301	199
301	200
301	201
301	202
301	203
301	204
301	205
301	206
301	207
301	208
301	209
301	210
301	211
301	212
301	213
301	214
301	215
301	216
301	217
301	218
301	219
301	220
301	221
301	222
301	223
301	224
302	100
302	101
302	102
302	103
302	186
302	187
302	188
302	189
302	190
302	191
302	192
302	193
302	194
302	195
302	196
302	197
302	198
302	199
302	200
302	201
302	202
302	203
302	204
302	205
302	206
302	207
302	208
302	209
302	210
302	211
302	212
302	213
302	214
302	215
302	216
302	217
302	218
302	219
302	220
302	221
302	222
303	100
303	101
303	102
303	103
303	185
303	186
303	187
303	188
303	189
303	190
303	191
303	192
303	193
303	194
303	195
303	196
303	197
303	198
303	199
303	200
303	201
303	202
303	203
303	204
303	205
303	206
303	207
303	208
303	209
303	210
303	211
303	212
303	213
303	214
303	215
303	216
303	217
303	218
303	219
303	220
304	100
304	101
304	102
304	103
304	181
304	182
304	183
304	184
304	185
304	186
304	187
304	188
304	189
304	190
304	191
304	192
304	193
304	194
304	195
304	196
304	197
304	198
304	199
304	200
304	201
304	202
304	203
304	204
304	205
304	206
304	207
304	208
304	209
304	210
304	211
304	212
304	213
304	214
304	215
304	216
304	217
305	100
305	101
305	102
305	103
305	178
305	179
305	180
305	181
305	182
305	183
305	184
305	185
305	186
305	187
305	188
305	189
305	190
305	191
305	192
305	193
305	194
305	195
305	196
305	197
305	198
305	199
305	200
305	201
305	202
305	203
305	204
305	205
305	206
305	207
305	208
305	209
305	210
305	211
305	212
305	213
305	214
305	215
305	216
306	100
306	101
306	102
306	103
306	173
306	174
306	175
306	176
306	177
306	178
306	179
306	180
306	181
306	182
306	183
306	184
306	185
306	186
306	187
306	189
306	190
306	191
306	192
306	193
306	194
306	195
306	196
306	197
306	198
306	199
306	200
306	201
306	202
306	203
307	100
307	101
307	102
307	103
307	170
307	171
307	172
307	173
307	174
307	175
307	176
307	177
307	178
307	179
307	180
307	181
307	182
307	183
307	184
307	185
307	186
307	187
307	188
307	189
307	190
307	191
307	192
307	193
307	194
307	195
307	196
307	197
307	198
308	100
308	101
308	102
308	103
308	168
308	169
308	170
308	171
308	172
308	173
308	174
308	175
308	176
308	177
308	178
308	179
308	180
308	181
308	182
308	183
308	184
308	185
308	186
308	187
308	188
308	189
308	190
308	191
308	192
308	193
308	194
308	195
309	100
309	101
309	102
309	103
309	166
309	167
309	168
309	169
309	170
309	171
309	172
309	173
309	174
309	175
309	176
309	177
309	178
309	179
309	180
309	181
309	182
309	183
309	184
309	185
309	186
309	187
309	188
309	189
309	190
309	191
310	100
310	101
310	102
310	103
310	163
310	164
310	165
310	166
310	167
310	168
310	169
310	170
310	171
310	172
310	173
310	174
310	175
310	176
310	177
310	178
310	179
310	180
310	181
310	182
310	183
310	184
310	185
310	186
310	187
310	188
310	189
311	100
311	101
311	102
311	103
311	157
311	158
311	159
311	160
311	161
311	162
311	163
311	164
311	165
311	166
311	167
311	168
311	169
311	170
311	171
311	172
311	173
311	174
311	175
311	176
311	177
311	178
311	179
311	180
312	101
312	102
312	103
312	157
312	158
312	159
312	160
312	161
312	162
312	163
312	164
312	165
312	166
312	167
312	168
312	169
312	170
312	171
312	172
312	173
312	174
312	175
313	101
313	102
313	103
313	153
313	154
313	155
313	156
313	157
313	158
313	159
313	160
313	161
313	162
313	163
313	164
313	165
313	166
313	167
313	168
313	169
313	170
313	171
313	172
313	173
314	101
314	102
314	103
314	104
314	151
314	152
314	153
314	154
314	155
314	156
314	157
314	158
314	159
314	160
314	161
314	162
314	163
314	164
314	165
314	166
314	167
314	168
314	169
314	170
315	101
315	102
315	103
315	104
315	149
315	150
315	151
315	152
315	153
315	154
315	155
315	156
315	157
315	158
315	159
315	160
315	161
315	162
315	163
315	164
315	165
315	166
315	167
315	168
316	101
316	102
316	103
316	104
316	146
316	147
316	148
316	149
316	150
316	151
316	152
316	153
316	154
316	155
316	156
316	157
316	158
316	159
316	160
316	161
316	162
316	163
316	164
316	165
317	101
317	102
317	103
317	104
317	142
317	143
317	144
317	145
317	146
317	147
317	148
317	149
317	150
317	151
317	152
317	153
317	154
317	155
317	156
317	157
317	158
317	159
317	160
317	161
317	162
317	163
317	164
318	101
318	102
318	103
318	104
318	131
318	132
318	133
318	134
318	135
318	136
318	137
318	138
318	139
318	140
318	141
318	142
318	143
318	144
318	145
318	146
318	147
318	148
318	149
318	150
318	151
318	152
318	153
318	154
318	155
318	156
318	157
318	158
318	159
318	160
318	161
318	162
319	101
319	102
319	103
319	104
319	127
319	128
319	129
319	130
319	131
319	132
319	133
319	134
319	135
319	136
319	137
319	138
319	139
319	140
319	141
319	142
319	143
319	144
319	145
319	146
319	147
319	148
319	149
319	150
319	151
319	152
319	153
319	154
320	101
320	102
320	103
320	104
320	123
320	124
320	125
320	126
320	127
320	128
320	129
320	130
320	131
320	132
320	133
320	134
320	135
320	136
320	137
320	138
320	139
320	140
320	141
320	142
320	143
320	144
320	145
320	146
320	147
320	148
321	101
321	102
321	103
321	104
321	119
321	120
321	121
321	122
321	123
321	124
321	125
321	126
321	127
321	128
321	129
321	130
321	131
321	132
321	133
321	134
321	135
321	136
321	137
321	138
321	139
321	140
321	141
321	142
321	143
321	144
321	145
322	101
322	102
322	103
322	118
322	119
322	120
322	121
322	122
322	123
322	124
322	125
322	126
322	127
322	128
322	129
322	130
322	131
322	132
322	133
322	134
322	135
322	136
322	137
322	138
322	139
322	140
322	141
322	142
323	100
323	101
323	102
323	103
323	104
323	105
323	115
323	116
323	117
323	118
323	119
323	120
323	121
323	122
323	123
323	124
323	125
323	126
323	127
323	128
323	129
323	130
323	131
323	132
323	133
323	134
323	135
323	136
323	137
323	138
323	139
323	140
324	100
324	101
324	102
324	103
324	104
324	105
324	112
324	113
324	114
324	115
324	116
324	117
324	118
324	119
324	120
324	121
324	122
324	123
324	124
324	125
324	126
324	127
324	128
324	129
324	130
324	131
324	132
324	133
324	134
325	100
325	101
325	102
325	103
325	104
325	105
325	107
325	108
325	109
325	110
325	111
325	112
325	113
325	114
325	115
325	116
325	117
325	118
325	119
325	120
325	121
325	122
325	123
325	124
325	125
325	126
325	127
326	100
326	101
326	102
326	103
326	104
326	105
326	106
326	107
326	108
326	109
326	110
326	111
326	112
326	113
326	114
326	115
326	116
326	117
326	118
326	119
326	120
326	121
326	122
326	123
326	124
326	125
327	98
327	99
327	100
327	101
327	102
327	103
327	104
327	105
327	106
327	107
327	108
327	109
327	110
327	111
327	112
327	113
327	114
327	115
327	116
327	117
327	118
327	119
327	120
327	121
328	97
328	98
328	99
328	100
328	101
328	102
328	103
328	104
328	105
328	106
328	107
328	108
328	109
328	110
328	111
328	112
328	113
328	114
328	115
328	116
328	117
329	97
329	98
329	99
329	100
329	101
329	102
329	103
329	104
329	105
329	106
329	107
329	108
329	109
329	110
329	111
330	100
330	101
330	102
330	103
330	104
331	100
331	101
331	102
331	103
331	104
332	101
332	102
332	103
332	104
333	102
333	103
333	104
333	105
333	106
333	107
333	108
333	109
