305	200
305	201
305	202
305	203
305	204
305	205
305	206
305	207
305	208
305	209
305	210
305	211
305	212
305	213
305	214
305	215
305	216
305	217
305	218
305	219
305	220
305	221
305	222
306	199
306	200
306	201
306	202
306	203
306	204
306	205
306	206
306	207
306	208
306	209
306	210
306	211
306	212
306	213
306	214
306	215
306	216
306	217
306	218
306	219
306	220
306	221
306	222
306	223
306	224
306	225
307	199
307	200
307	201
307	202
307	203
307	204
307	205
307	206
307	207
307	208
307	209
307	210
307	211
307	212
307	213
307	214
307	215
307	216
307	217
307	218
307	219
307	220
307	221
307	222
307	223
307	224
307	225
307	226
307	227
307	228
308	199
308	200
308	201
308	202
308	203
308	204
308	205
308	206
308	207
308	208
308	209
308	210
308	211
308	212
308	213
308	214
308	215
308	216
308	217
308	218
308	219
308	220
308	221
308	222
308	223
308	224
308	225
308	226
308	227
308	228
308	229
308	230
308	231
308	232
308	233
308	234
309	199
309	200
309	201
309	202
309	203
309	204
309	205
309	206
309	207
309	208
309	209
309	210
309	211
309	212
309	213
309	214
309	215
309	216
309	217
309	218
309	219
309	220
309	221
309	222
309	223
309	224
309	225
309	226
309	227
309	228
309	229
309	230
309	231
309	232
309	233
309	234
309	235
309	236
310	200
310	201
310	202
310	203
310	204
310	205
310	206
310	207
310	208
310	209
310	210
310	211
310	212
310	213
310	214
310	215
310	216
310	217
310	218
310	219
310	220
310	221
310	222
310	223
310	224
310	225
310	226
310	227
310	228
310	229
310	230
310	231
310	232
310	233
310	234
310	235
310	236
310	237
310	238
310	239
311	200
311	201
311	202
311	203
311	204
311	205
311	206
311	207
311	208
311	209
311	210
311	211
311	212
311	213
311	214
311	215
311	216
311	217
311	218
311	219
311	220
311	221
311	222
311	223
311	224
311	225
311	226
311	227
311	228
311	229
311	230
311	231
311	232
311	233
311	234
311	235
311	236
311	237
311	238
311	239
311	240
311	241
311	242
311	243
311	244
311	245
311	246
311	247
311	248
311	249
311	250
311	251
311	252
311	253
311	254
311	255
311	270
311	271
311	272
311	273
311	274
311	275
311	276
311	277
311	278
311	279
311	280
311	281
311	282
311	283
311	284
312	200
312	201
312	202
312	203
312	204
312	205
312	206
312	207
312	208
312	209
312	210
312	211
312	212
312	213
312	214
312	215
312	216
312	217
312	218
312	219
312	220
312	221
312	222
312	223
312	224
312	225
312	226
312	227
312	228
312	229
312	230
312	231
312	232
312	233
312	234
312	235
312	236
312	237
312	238
312	239
312	240
312	241
312	242
312	243
312	244
312	245
312	246
312	247
312	248
312	249
312	250
312	251
312	252
312	253
312	254
312	255
312	256
312	257
312	258
312	259
312	260
312	261
312	262
312	263
312	264
312	270
312	271
312	272
312	273
312	274
312	275
312	276
312	277
312	278
312	279
312	280
312	281
312	282
312	283
312	284
313	201
313	202
313	203
313	204
313	205
313	206
313	207
313	208
313	209
313	210
313	211
313	212
313	213
313	214
313	215
313	216
313	217
313	218
313	219
313	220
313	221
313	222
313	223
313	224
313	225
313	226
313	227
313	228
313	229
313	230
313	231
313	232
313	233
313	234
313	235
313	236
313	237
313	238
313	239
313	240
313	241
313	242
313	243
313	244
313	245
313	246
313	247
313	248
313	249
313	250
313	251
313	252
313	253
313	254
313	255
313	256
313	257
313	258
313	259
313	260
313	261
313	262
313	263
313	264
313	265
313	266
313	267
313	268
313	269
313	270
313	271
313	272
313	273
313	274
313	275
313	276
313	277
313	278
313	279
313	280
313	281
313	282
313	283
313	284
314	203
314	204
314	205
314	206
314	207
314	208
314	209
314	210
314	211
314	212
314	213
314	214
314	215
314	216
314	217
314	218
314	219
314	220
314	221
314	222
314	223
314	224
314	225
314	226
314	227
314	228
314	229
314	230
314	231
314	232
314	233
314	234
314	235
314	236
314	237
314	238
314	239
314	240
314	241
314	242
314	243
314	244
314	245
314	246
314	247
314	248
314	249
314	250
314	251
314	252
314	253
314	254
314	255
314	256
314	257
314	258
314	259
314	260
314	261
314	262
314	263
314	264
314	265
314	266
314	267
314	268
314	269
314	270
314	271
314	272
314	273
314	274
314	275
314	276
314	277
314	278
314	279
314	280
314	281
314	282
314	283
314	284
314	285
314	286
314	287
314	288
314	289
314	290
314	291
314	292
314	293
314	294
314	295
314	296
314	297
314	298
315	206
315	207
315	208
315	209
315	210
315	211
315	212
315	213
315	214
315	215
315	216
315	217
315	218
315	219
315	220
315	221
315	222
315	223
315	224
315	225
315	226
315	227
315	228
315	229
315	230
315	231
315	232
315	233
315	234
315	235
315	236
315	237
315	238
315	239
315	240
315	241
315	242
315	243
315	244
315	245
315	246
315	247
315	248
315	249
315	250
315	251
315	252
315	253
315	254
315	255
315	256
315	257
315	258
315	259
315	260
315	261
315	262
315	263
315	264
315	265
315	266
315	267
315	268
315	269
315	270
315	271
315	272
315	273
315	274
315	275
315	276
315	277
315	278
315	279
315	280
315	281
315	282
315	283
315	284
315	285
315	286
315	287
315	288
315	289
315	290
315	291
315	292
315	293
315	294
315	295
315	296
315	297
315	298
315	299
315	300
315	301
315	302
315	303
315	304
316	206
316	207
316	208
316	209
316	210
316	211
316	212
316	213
316	214
316	215
316	216
316	217
316	218
316	219
316	220
316	221
316	222
316	223
316	224
316	225
316	226
316	227
316	228
316	229
316	230
316	231
316	232
316	233
316	234
316	235
316	236
316	237
316	238
316	239
316	240
316	241
316	242
316	243
316	244
316	245
316	246
316	247
316	248
316	249
316	250
316	251
316	252
316	253
316	254
316	255
316	256
316	257
316	258
316	259
316	260
316	261
316	262
316	263
316	264
316	265
316	266
316	267
316	268
316	269
316	270
316	271
316	272
316	273
316	274
316	275
316	276
316	277
316	278
316	279
316	280
316	281
316	282
316	283
316	284
316	285
316	286
316	287
316	288
316	289
316	290
316	291
316	292
316	293
316	294
316	295
316	296
316	297
316	298
316	299
316	300
316	301
316	302
316	303
316	304
316	305
317	207
317	208
317	209
317	210
317	211
317	212
317	213
317	214
317	215
317	216
317	217
317	218
317	219
317	220
317	221
317	222
317	223
317	224
317	225
317	226
317	227
317	228
317	229
317	230
317	231
317	232
317	233
317	234
317	235
317	236
317	237
317	238
317	239
317	240
317	241
317	242
317	243
317	244
317	245
317	246
317	247
317	248
317	249
317	250
317	251
317	252
317	253
317	254
317	255
317	256
317	257
317	258
317	259
317	260
317	261
317	262
317	263
317	264
317	265
317	266
317	267
317	268
317	269
317	270
317	271
317	272
317	273
317	274
317	275
317	276
317	277
317	278
317	279
317	280
317	281
317	282
317	283
317	284
317	285
317	286
317	287
317	288
317	289
317	290
317	291
317	292
317	293
317	294
317	295
317	296
317	297
317	298
317	299
317	300
317	301
317	302
317	303
317	304
317	305
317	306
317	307
317	308
317	309
317	310
317	312
317	313
317	314
317	315
317	316
317	317
317	318
317	319
318	207
318	208
318	209
318	210
318	212
318	213
318	214
318	215
318	216
318	217
318	218
318	219
318	220
318	221
318	222
318	223
318	224
318	225
318	226
318	227
318	228
318	229
318	230
318	231
318	232
318	233
318	234
318	235
318	236
318	237
318	238
318	239
318	240
318	241
318	242
318	243
318	244
318	245
318	246
318	247
318	248
318	249
318	250
318	251
318	252
318	253
318	254
318	255
318	256
318	257
318	258
318	259
318	260
318	261
318	262
318	263
318	264
318	265
318	266
318	267
318	268
318	269
318	270
318	271
318	272
318	273
318	274
318	275
318	276
318	277
318	278
318	279
318	280
318	281
318	282
318	283
318	284
318	285
318	286
318	287
318	288
318	289
318	290
318	291
318	292
318	293
318	294
318	295
318	296
318	297
318	298
318	299
318	300
318	301
318	302
318	303
318	304
318	305
318	306
318	307
318	308
318	309
318	310
318	312
318	313
318	314
318	315
318	316
318	317
318	318
318	319
319	207
319	208
319	209
319	210
319	216
319	217
319	218
319	219
319	220
319	221
319	222
319	223
319	224
319	225
319	226
319	227
319	228
319	229
319	230
319	231
319	232
319	233
319	234
319	235
319	236
319	237
319	238
319	239
319	240
319	241
319	242
319	243
319	244
319	245
319	246
319	247
319	248
319	249
319	250
319	251
319	252
319	253
319	254
319	255
319	256
319	257
319	258
319	259
319	260
319	261
319	262
319	263
319	264
319	265
319	266
319	267
319	268
319	269
319	270
319	271
319	272
319	273
319	274
319	275
319	276
319	277
319	278
319	279
319	280
319	281
319	282
319	283
319	284
319	285
319	286
319	287
319	288
319	289
319	290
319	291
319	292
319	293
319	294
319	295
319	296
319	297
319	298
319	299
319	300
319	301
319	302
319	303
319	304
319	305
319	306
319	307
319	308
319	309
319	310
319	311
319	312
319	313
319	314
319	315
319	316
319	317
319	318
319	319
320	207
320	208
320	209
320	210
320	217
320	218
320	219
320	220
320	221
320	222
320	223
320	224
320	225
320	226
320	227
320	228
320	229
320	230
320	231
320	232
320	233
320	243
320	244
320	245
320	246
320	247
320	248
320	249
320	250
320	251
320	252
320	253
320	254
320	255
320	256
320	257
320	258
320	259
320	260
320	261
320	262
320	263
320	264
320	265
320	266
320	267
320	268
320	269
320	270
320	271
320	272
320	273
320	274
320	275
320	276
320	277
320	278
320	279
320	280
320	281
320	282
320	283
320	284
320	285
320	286
320	287
320	288
320	289
320	290
320	291
320	292
320	293
320	294
320	295
320	296
320	297
320	298
320	299
320	300
320	301
320	302
320	303
320	304
320	305
320	306
320	307
320	308
320	309
320	310
320	311
320	312
320	313
320	314
320	315
320	316
320	317
320	318
320	319
321	207
321	208
321	209
321	210
321	220
321	221
321	222
321	223
321	224
321	225
321	226
321	227
321	228
321	229
321	230
321	231
321	232
321	233
321	234
321	235
321	236
321	237
321	238
321	239
321	240
321	241
321	242
321	243
321	253
321	254
321	255
321	256
321	257
321	258
321	259
321	260
321	261
321	262
321	263
321	264
321	265
321	266
321	267
321	268
321	269
321	270
321	271
321	272
321	273
321	274
321	275
321	276
321	277
321	278
321	279
321	280
321	281
321	282
321	283
321	284
321	285
321	286
321	287
321	288
321	289
321	290
321	291
321	292
321	293
321	294
321	295
321	296
321	297
321	298
321	299
321	300
321	301
321	302
321	303
321	304
321	305
321	306
321	307
321	308
321	309
321	310
321	311
321	312
321	313
321	314
321	315
321	316
321	317
321	318
321	319
322	207
322	208
322	209
322	210
322	229
322	230
322	231
322	232
322	233
322	234
322	235
322	236
322	237
322	238
322	239
322	240
322	241
322	242
322	243
322	244
322	245
322	253
322	254
322	255
322	256
322	257
322	258
322	259
322	260
322	261
322	262
322	263
322	264
322	265
322	266
322	267
322	268
322	269
322	270
322	271
322	272
322	273
322	274
322	275
322	276
322	277
322	278
322	279
322	280
322	281
322	282
322	283
322	284
322	285
322	286
322	287
322	288
322	289
322	290
322	291
322	292
322	293
322	294
322	295
322	296
322	297
322	298
322	299
322	300
322	301
322	302
322	303
322	304
322	305
322	306
322	307
322	308
322	309
322	310
322	311
322	312
322	313
322	314
322	315
322	316
322	317
322	318
322	319
323	206
323	207
323	208
323	209
323	210
323	232
323	233
323	234
323	235
323	236
323	237
323	238
323	239
323	240
323	241
323	242
323	243
323	244
323	245
323	246
323	247
323	248
323	277
323	278
323	279
323	280
323	281
323	282
323	283
323	284
323	285
323	286
323	287
323	288
323	289
323	290
323	291
323	292
323	293
323	294
323	295
323	296
323	297
323	298
323	299
323	300
323	301
323	302
323	303
323	304
323	305
323	306
323	307
323	308
323	309
323	310
323	311
323	312
323	313
323	314
323	315
323	316
323	317
323	318
323	319
324	206
324	207
324	208
324	209
324	210
324	234
324	235
324	236
324	237
324	238
324	239
324	240
324	241
324	242
324	243
324	244
324	245
324	246
324	247
324	248
324	249
324	250
324	260
324	261
324	262
324	263
324	264
324	265
324	266
324	267
324	268
324	269
324	270
324	271
324	272
324	273
324	274
324	275
324	276
324	277
324	278
324	279
324	280
324	281
324	282
324	283
324	284
324	285
324	286
324	287
324	288
324	289
324	290
324	291
324	292
324	293
324	294
324	295
324	296
324	297
324	298
324	299
324	300
324	301
324	302
324	303
324	304
324	305
324	306
324	307
324	308
324	309
324	310
324	311
324	312
324	313
324	314
324	315
324	316
324	317
324	318
324	319
325	206
325	207
325	208
325	209
325	210
325	237
325	238
325	239
325	240
325	241
325	242
325	243
325	244
325	245
325	246
325	247
325	248
325	249
325	250
325	251
325	252
325	253
325	254
325	255
325	256
325	257
325	258
325	259
325	260
325	261
325	262
325	263
325	264
325	265
325	266
325	267
325	268
325	269
325	270
325	271
325	272
325	273
325	274
325	275
325	276
325	277
325	278
325	279
325	280
325	281
325	282
325	283
325	284
325	285
325	286
325	287
325	288
325	289
325	290
325	291
325	292
325	293
325	294
325	295
325	296
325	297
325	298
325	299
325	300
325	301
325	302
325	303
325	304
325	305
325	306
325	307
325	308
325	309
325	310
325	311
325	312
325	313
325	314
325	315
325	316
325	317
325	318
325	319
326	206
326	207
326	208
326	209
326	210
326	241
326	242
326	243
326	244
326	245
326	246
326	247
326	248
326	249
326	250
326	251
326	252
326	253
326	254
326	255
326	256
326	257
326	258
326	259
326	260
326	261
326	262
326	263
326	264
326	265
326	266
326	267
326	270
326	271
326	272
326	273
326	274
326	275
326	276
326	277
326	278
326	279
326	280
326	281
326	282
326	283
326	284
326	285
326	286
326	287
326	288
326	289
326	290
326	291
326	292
326	293
326	294
326	295
326	296
326	297
326	298
326	299
326	300
326	301
326	302
326	303
326	304
326	305
326	306
326	307
326	308
326	309
326	310
326	311
326	312
326	313
326	314
326	315
326	316
326	317
326	318
326	319
327	206
327	207
327	208
327	209
327	210
327	283
327	284
327	285
327	286
327	287
327	288
327	289
327	290
327	291
327	292
327	293
327	294
327	295
327	296
327	297
327	298
327	299
327	300
327	301
327	302
327	303
327	304
327	305
327	306
327	307
327	308
327	309
327	310
327	311
327	312
327	313
327	314
327	315
327	316
327	317
327	318
327	319
328	206
328	207
328	208
328	209
328	210
328	293
328	294
328	295
328	296
328	297
328	298
328	299
328	300
328	301
328	302
328	303
328	304
328	305
328	306
328	307
328	308
328	309
328	311
328	312
328	313
328	314
328	315
328	316
328	317
328	318
328	319
329	206
329	207
329	208
329	209
329	210
329	296
329	297
329	298
329	299
329	300
329	301
329	302
329	303
329	304
329	305
329	306
329	307
329	308
329	309
329	310
329	311
329	312
329	313
329	314
329	315
329	316
329	317
329	318
329	319
330	206
330	207
330	208
330	209
330	210
330	299
330	300
330	301
330	302
330	303
330	304
330	305
330	306
330	307
330	308
330	309
330	310
330	311
330	312
330	313
330	314
330	315
330	316
330	317
330	318
330	319
331	208
331	209
331	210
332	204
332	205
332	206
332	207
332	209
332	210
332	211
333	204
333	205
333	206
333	208
333	209
333	210
333	211
334	204
334	205
334	206
334	208
334	209
334	210
334	211
335	204
335	205
335	206
335	208
335	209
335	210
335	211
336	204
336	205
336	206
336	208
336	209
336	210
336	211
337	204
337	205
337	206
337	207
337	208
337	209
337	210
337	211
338	204
338	205
338	206
338	207
338	208
338	209
338	210
338	211
339	204
339	205
339	206
339	207
339	208
339	209
339	210
339	211
340	204
340	205
340	206
340	207
340	208
340	209
340	210
340	211
341	204
341	205
341	206
341	207
341	208
341	209
341	210
341	211
342	204
342	205
342	206
342	207
342	208
342	209
342	210
342	211
343	204
343	205
343	206
343	207
343	208
343	209
343	210
343	211
344	204
344	205
344	206
344	207
344	208
344	209
344	210
344	211
345	204
345	205
345	206
345	207
345	208
345	209
345	210
345	211
346	204
346	205
346	206
346	207
346	208
346	209
346	210
346	211
347	204
347	205
347	206
347	207
347	208
347	209
347	210
347	211
348	204
348	205
348	206
348	207
348	208
348	209
348	210
348	211
349	204
349	205
349	206
349	207
349	208
349	209
349	210
350	204
350	205
350	206
350	207
350	208
350	209
350	210
351	204
351	205
351	206
351	207
351	208
351	209
351	210
352	204
352	205
352	206
352	207
352	208
352	209
352	210
353	204
353	205
353	206
353	207
353	208
353	209
353	210
354	204
354	205
354	206
354	207
354	208
354	209
354	210
355	204
355	205
355	206
355	207
355	208
355	209
355	210
356	204
356	205
356	206
356	207
356	208
356	209
356	210
357	204
357	205
357	206
357	207
357	208
357	209
357	210
358	206
358	207
358	208
358	209
359	204
359	205
359	206
359	207
359	208
359	209
360	204
360	205
360	206
360	207
360	208
360	209
361	204
361	205
361	206
361	207
361	208
361	209
362	204
362	205
362	206
362	207
362	208
362	209
363	204
363	205
363	206
363	207
363	208
363	209
364	204
364	205
364	206
364	207
364	208
365	206
365	207
365	208
366	204
366	205
366	206
366	207
366	208
367	204
367	205
367	206
367	207
367	208
368	204
368	205
368	206
368	207
368	208
369	204
369	205
369	206
369	207
369	208
370	204
370	205
370	206
370	207
370	208
371	204
371	205
371	206
371	207
371	208
372	204
372	205
372	206
372	207
372	208
373	204
373	205
373	206
373	207
373	208
374	203
374	204
374	205
374	206
374	207
374	208
375	203
375	204
375	205
375	206
375	207
375	208
376	203
376	204
376	205
376	206
376	207
376	208
377	203
377	204
377	205
377	206
377	207
377	208
378	203
378	204
378	205
378	206
378	207
379	202
379	203
379	204
379	205
379	206
379	207
379	208
380	202
380	203
380	204
380	205
380	206
380	207
380	208
381	202
381	203
381	204
381	205
381	206
381	207
381	208
382	201
382	202
382	203
382	204
382	205
382	206
382	207
382	208
383	201
383	202
383	203
383	204
383	205
383	206
383	207
383	208
384	201
384	202
384	203
384	204
384	205
384	206
384	207
384	208
385	201
385	202
385	203
385	204
385	205
385	206
385	207
385	208
386	201
386	202
386	203
386	204
386	205
386	206
386	207
386	208
387	201
387	202
387	203
387	204
387	205
387	206
387	207
387	208
388	201
388	202
388	203
388	204
388	205
388	206
388	207
388	208
389	201
389	202
389	203
389	204
389	205
389	206
389	207
389	208
390	201
390	202
390	203
390	204
390	205
390	206
390	207
390	208
391	201
391	202
391	203
391	204
391	205
391	206
391	207
391	208
392	201
392	202
392	203
392	204
392	205
392	206
392	207
392	208
393	201
393	202
393	203
393	204
393	205
393	206
393	207
393	208
394	201
394	202
394	203
394	204
394	205
394	206
394	207
394	208
395	201
395	202
395	203
395	204
395	205
395	206
395	207
395	208
396	201
396	202
396	203
396	204
396	205
396	206
396	207
396	208
397	200
397	201
397	202
397	203
397	204
397	205
397	206
397	207
397	208
397	209
397	210
397	211
397	212
397	213
397	214
397	215
398	200
398	201
398	202
398	203
398	204
398	205
398	206
398	207
398	208
398	209
398	210
398	211
398	212
398	213
398	214
398	215
398	216
399	199
399	200
399	201
399	202
399	203
399	204
399	205
399	206
399	207
399	208
399	209
399	210
399	211
399	212
399	213
399	214
399	215
399	216
400	199
400	200
400	201
400	202
400	203
400	204
400	205
400	206
400	207
400	208
400	209
400	210
400	211
400	212
400	213
400	214
400	215
400	216
401	199
401	200
401	201
401	202
401	203
401	204
401	205
401	206
401	207
401	208
401	209
401	210
401	211
401	212
401	213
401	214
401	215
401	216
401	217
401	218
401	219
401	220
402	199
402	200
402	201
402	202
402	203
402	204
402	205
402	206
402	207
402	208
402	209
402	210
402	211
402	212
402	213
402	214
402	215
402	216
402	217
402	218
402	219
402	220
402	221
403	201
403	202
403	203
403	204
403	205
403	206
403	207
403	208
403	209
403	210
403	211
403	212
403	213
403	214
403	215
403	216
403	217
403	218
403	219
403	220
403	221
404	202
404	203
404	204
404	205
404	206
404	207
404	208
404	209
404	210
404	211
404	212
404	213
404	214
404	215
404	216
404	217
404	218
404	219
404	220
404	221
404	222
404	223
404	224
405	201
405	202
405	203
405	204
405	205
405	206
405	207
405	208
405	209
405	210
405	211
405	212
405	213
405	214
405	215
405	216
405	217
405	218
405	219
405	220
405	221
405	222
405	223
405	224
405	225
406	201
406	202
406	203
406	204
406	205
406	206
406	207
406	208
406	209
406	210
406	211
406	212
406	213
406	214
406	215
406	216
406	217
406	218
406	219
406	220
406	221
406	222
406	223
406	224
406	225
407	201
407	202
407	203
407	204
407	205
407	206
407	207
407	208
407	209
407	210
407	211
407	212
407	213
407	214
407	215
407	216
407	217
407	218
407	219
407	220
407	221
407	222
407	223
407	224
407	225
408	201
408	202
408	203
408	204
408	205
408	206
408	207
408	208
408	209
408	210
408	211
408	212
408	213
408	214
408	215
408	216
408	217
408	218
408	219
408	220
408	221
408	222
408	223
408	224
408	225
408	226
408	227
409	201
409	202
409	203
409	204
409	205
409	206
409	207
409	208
409	209
409	210
409	211
409	212
409	213
409	214
409	215
409	216
409	217
409	218
409	219
409	220
409	221
409	222
409	223
409	224
409	225
409	226
409	227
410	201
410	202
410	203
410	204
410	205
410	206
410	207
410	209
410	210
410	211
410	212
410	213
410	214
410	215
410	216
410	217
410	218
410	219
410	220
410	221
410	222
410	223
410	224
410	225
410	226
411	201
411	202
411	203
411	204
411	205
411	206
411	207
411	211
411	212
411	213
411	214
411	215
411	216
411	217
411	218
411	219
411	220
411	221
411	222
411	223
411	224
411	225
411	226
411	227
412	201
412	202
412	203
412	204
412	205
412	206
412	207
412	213
412	214
412	215
412	216
412	217
412	218
412	219
412	220
412	221
412	222
412	223
412	224
412	225
412	226
412	227
412	228
412	229
412	230
412	231
412	232
412	233
413	201
413	202
413	203
413	204
413	205
413	206
413	207
413	214
413	215
413	216
413	217
413	218
413	219
413	220
413	221
413	222
413	223
413	224
413	225
413	226
413	227
413	228
413	229
413	230
413	231
413	232
413	233
414	201
414	202
414	203
414	204
414	205
414	206
414	207
414	217
414	218
414	219
414	220
414	221
414	222
414	223
414	224
414	225
414	226
414	227
414	228
414	229
414	230
414	231
414	232
414	233
414	234
414	235
414	236
415	201
415	202
415	203
415	205
415	206
415	207
415	218
415	219
415	220
415	221
415	222
415	223
415	224
415	225
415	226
415	227
415	228
415	229
415	230
415	231
415	232
415	233
415	234
415	235
415	236
415	237
416	201
416	202
416	203
416	204
416	205
416	206
416	207
416	219
416	220
416	221
416	222
416	223
416	224
416	225
416	226
416	227
416	228
416	229
416	230
416	231
416	232
416	233
416	234
416	235
416	236
416	237
417	201
417	202
417	203
417	204
417	205
417	206
417	207
417	219
417	220
417	221
417	222
417	223
417	224
417	225
417	226
417	227
417	228
417	229
417	230
417	231
417	232
417	233
417	234
417	235
417	236
417	237
417	238
417	239
417	240
418	201
418	202
418	203
418	204
418	205
418	206
418	207
418	219
418	220
418	221
418	222
418	223
418	224
418	225
418	226
418	227
418	228
418	229
418	230
418	231
418	232
418	233
418	234
418	235
418	236
418	237
418	238
418	239
418	240
418	241
419	201
419	202
419	203
419	204
419	205
419	206
419	207
419	219
419	220
419	221
419	222
419	223
419	224
419	225
419	226
419	227
419	228
419	229
419	230
419	231
419	232
419	233
419	234
419	235
419	236
419	237
419	238
419	239
419	240
419	241
419	242
420	201
420	202
420	203
420	204
420	205
420	206
420	207
420	223
420	224
420	225
420	226
420	227
420	228
420	229
420	230
420	231
420	232
420	233
420	234
420	235
420	236
420	237
420	238
420	239
420	240
420	241
420	242
421	201
421	202
421	203
421	204
421	205
421	206
421	207
421	223
421	224
421	225
421	226
421	227
421	228
421	229
421	230
421	231
421	232
421	233
421	234
421	235
421	236
421	237
421	238
421	239
421	240
421	241
421	242
422	201
422	202
422	203
422	204
422	205
422	206
422	207
422	223
422	224
422	225
422	226
422	227
422	228
422	229
422	230
422	231
422	232
422	233
422	234
422	235
422	236
422	237
422	238
422	239
422	240
422	241
422	242
422	243
422	244
422	245
422	246
422	247
423	201
423	202
423	203
423	204
423	205
423	206
423	207
423	223
423	224
423	225
423	226
423	227
423	228
423	229
423	230
423	231
423	232
423	233
423	234
423	235
423	236
423	237
423	238
423	239
423	240
423	241
423	242
423	243
423	244
423	245
423	246
423	247
424	201
424	202
424	203
424	204
424	205
424	206
424	207
424	228
424	229
424	230
424	231
424	232
424	233
424	234
424	235
424	236
424	237
424	238
424	239
424	240
424	241
424	242
424	243
424	244
424	245
424	246
424	247
425	201
425	202
425	203
425	204
425	205
425	206
425	207
425	228
425	229
425	230
425	231
425	232
425	233
425	234
425	235
425	236
425	237
425	238
425	239
425	240
425	241
425	242
425	243
425	244
425	245
425	246
425	247
426	201
426	202
426	203
426	204
426	205
426	206
426	207
426	233
426	234
426	235
426	236
426	237
426	238
426	239
426	240
426	241
426	242
426	243
426	244
426	245
426	246
426	247
426	248
426	249
426	250
426	251
426	252
426	253
426	254
427	201
427	202
427	203
427	204
427	205
427	206
427	207
427	233
427	234
427	235
427	236
427	237
427	238
427	239
427	240
427	241
427	242
427	243
427	244
427	245
427	246
427	247
427	248
427	249
427	250
427	251
427	252
427	253
427	254
428	201
428	202
428	203
428	204
428	205
428	206
428	207
428	233
428	234
428	235
428	236
428	237
428	238
428	239
428	240
428	241
428	242
428	243
428	244
428	245
428	246
428	247
428	248
428	249
428	250
428	251
428	252
428	253
428	254
428	255
428	256
428	257
428	258
429	201
429	202
429	203
429	204
429	205
429	206
429	207
429	233
429	234
429	235
429	236
429	237
429	238
429	239
429	240
429	241
429	242
429	243
429	244
429	245
429	246
429	247
429	248
429	249
429	250
429	251
429	252
429	253
429	254
429	255
429	256
429	257
429	258
430	201
430	202
430	203
430	204
430	205
430	206
430	207
430	234
430	235
430	236
430	237
430	238
430	239
430	240
430	241
430	242
430	243
430	244
430	245
430	246
430	247
430	248
430	249
430	250
430	251
430	252
430	253
430	254
430	255
430	256
430	257
430	258
430	259
431	201
431	202
431	203
431	204
431	205
431	206
431	207
431	240
431	241
431	242
431	243
431	244
431	245
431	246
431	247
431	248
431	249
431	250
431	251
431	252
431	253
431	254
431	255
431	256
431	257
431	258
431	259
431	260
432	201
432	202
432	203
432	204
432	205
432	206
432	207
432	240
432	241
432	242
432	243
432	244
432	245
432	246
432	247
432	248
432	249
432	250
432	251
432	252
432	253
432	254
432	255
432	256
432	257
432	258
432	259
432	260
432	261
432	262
432	263
433	203
433	204
433	205
433	206
433	207
433	240
433	241
433	242
433	243
433	244
433	245
433	246
433	247
433	248
433	249
433	250
433	251
433	252
433	253
433	254
433	255
433	256
433	257
433	258
433	259
433	260
433	261
433	262
433	263
433	264
433	265
433	266
433	267
434	201
434	202
434	203
434	204
434	205
434	206
434	207
434	240
434	241
434	242
434	243
434	244
434	245
434	246
434	247
434	248
434	249
434	250
434	251
434	252
434	253
434	254
434	255
434	256
434	257
434	258
434	259
434	260
434	261
434	262
434	263
434	264
434	265
434	266
434	267
434	268
435	201
435	202
435	203
435	204
435	205
435	206
435	207
435	240
435	241
435	242
435	243
435	244
435	245
435	246
435	247
435	248
435	249
435	250
435	251
435	252
435	253
435	254
435	255
435	256
435	257
435	258
435	259
435	260
435	261
435	262
435	263
435	264
435	265
435	266
435	267
435	268
436	201
436	202
436	203
436	204
436	205
436	206
436	207
436	245
436	246
436	247
436	248
436	249
436	250
436	251
436	252
436	253
436	254
436	255
436	256
436	257
436	258
436	259
436	260
436	261
436	262
436	263
436	264
436	265
436	266
436	267
436	268
437	203
437	204
437	205
437	206
437	207
437	245
437	246
437	247
437	248
437	249
437	250
437	251
437	252
437	253
437	254
437	255
437	256
437	257
437	258
437	259
437	260
437	261
437	262
437	263
437	264
437	265
437	266
437	267
437	268
438	201
438	202
438	203
438	204
438	205
438	206
438	207
438	245
438	246
438	247
438	248
438	249
438	250
438	251
438	252
438	253
438	254
438	255
438	256
438	257
438	258
438	259
438	260
438	261
438	262
438	263
438	264
438	265
438	266
438	267
438	268
439	201
439	202
439	203
439	204
439	205
439	206
439	207
439	249
439	250
439	251
439	252
439	253
439	254
439	255
439	256
439	257
439	258
439	259
439	260
439	261
439	262
439	263
439	264
439	265
439	266
439	267
439	268
440	201
440	202
440	203
440	204
440	205
440	206
440	207
440	249
440	250
440	251
440	252
440	253
440	254
440	255
440	256
440	257
440	258
440	259
440	260
440	261
440	262
440	263
440	264
440	265
440	266
440	267
440	268
440	269
440	270
440	271
440	272
440	273
440	274
440	275
440	276
440	277
440	278
441	201
441	202
441	203
441	204
441	205
441	206
441	207
441	249
441	250
441	251
441	252
441	253
441	254
441	255
441	256
441	257
441	258
441	259
441	260
441	261
441	262
441	263
441	264
441	265
441	266
441	267
441	268
441	269
441	270
441	271
441	272
441	273
441	274
441	275
441	276
441	277
441	278
442	201
442	202
442	203
442	204
442	205
442	206
442	207
442	249
442	250
442	251
442	252
442	253
442	254
442	255
442	256
442	257
442	258
442	259
442	260
442	261
442	262
442	263
442	264
442	265
442	266
442	267
442	268
442	269
442	270
442	271
442	272
442	273
442	274
442	275
442	276
442	277
442	278
443	201
443	202
443	203
443	204
443	205
443	206
443	207
443	249
443	250
443	251
443	252
443	253
443	254
443	255
443	256
443	257
443	258
443	259
443	260
443	261
443	262
443	263
443	264
443	265
443	266
443	267
443	268
443	269
443	270
443	271
443	272
443	273
443	274
443	275
443	276
443	277
443	278
444	201
444	202
444	203
444	204
444	205
444	206
444	207
444	249
444	250
444	251
444	252
444	253
444	254
444	255
444	256
444	257
444	258
444	259
444	260
444	261
444	262
444	263
444	264
444	265
444	266
444	267
444	268
444	269
444	270
444	271
444	272
444	273
444	274
444	275
444	276
444	277
444	278
445	201
445	202
445	203
445	204
445	205
445	206
445	207
445	254
445	255
445	256
445	257
445	258
445	259
445	260
445	261
445	262
445	263
445	264
445	265
445	266
445	267
445	268
445	269
445	270
445	271
445	272
445	273
445	274
445	275
445	276
445	277
445	278
446	201
446	202
446	203
446	204
446	205
446	206
446	207
446	257
446	258
446	259
446	260
446	261
446	262
446	263
446	264
446	265
446	266
446	267
446	268
446	269
446	270
446	271
446	272
446	273
446	274
446	275
446	276
446	277
446	278
447	201
447	202
447	203
447	204
447	205
447	206
447	207
447	257
447	258
447	259
447	260
447	261
447	262
447	263
447	264
447	265
447	266
447	267
447	268
447	269
447	270
447	271
447	272
447	273
447	274
447	275
447	276
447	277
447	278
448	201
448	202
448	203
448	204
448	205
448	206
448	207
448	257
448	258
448	259
448	260
448	261
448	262
448	263
448	264
448	265
448	266
448	267
448	268
448	269
448	270
448	271
448	272
448	273
448	274
448	275
448	276
448	277
448	278
449	201
449	202
449	203
449	204
449	205
449	206
449	207
449	257
449	258
449	259
449	260
449	261
449	262
449	263
449	264
449	265
449	266
449	267
449	268
449	269
449	270
449	271
449	272
449	273
449	274
449	275
449	276
449	277
450	201
450	202
450	203
450	204
450	205
450	206
450	207
450	258
450	259
450	260
450	261
450	262
450	263
450	264
450	265
450	266
450	267
450	268
450	269
450	270
450	271
450	272
450	273
450	274
450	275
450	276
450	277
451	201
451	202
451	203
451	204
451	205
451	206
451	207
451	258
451	259
451	260
451	261
451	262
451	263
451	264
451	265
451	266
451	267
451	268
451	269
451	270
451	271
451	272
451	273
451	274
451	275
451	276
451	277
452	201
452	202
452	203
452	204
452	205
452	206
452	262
452	263
452	264
452	265
452	266
452	267
452	268
452	269
452	270
452	271
452	272
452	273
452	274
452	275
452	276
452	277
453	201
453	202
453	203
453	204
453	205
453	206
453	262
453	263
453	264
453	265
453	266
453	267
453	268
453	269
453	270
453	271
453	272
453	273
453	274
453	275
453	276
453	277
454	201
454	202
454	203
454	204
454	205
454	206
454	262
454	263
454	264
454	265
454	266
454	267
454	268
454	269
454	270
454	271
454	272
454	273
454	274
454	275
454	276
454	277
455	201
455	202
455	203
455	204
455	205
455	206
455	262
455	263
455	264
455	265
455	266
455	267
455	268
455	269
455	270
455	271
455	272
455	273
455	274
455	275
455	276
455	277
456	201
456	202
456	203
456	204
456	205
456	206
456	262
456	263
456	264
456	265
456	266
456	267
456	268
456	269
456	270
456	271
456	272
456	273
456	274
456	275
456	276
456	277
457	201
457	202
457	203
457	204
457	205
457	206
457	262
457	263
457	264
457	265
457	266
457	267
457	268
457	269
457	270
457	271
457	272
457	273
457	274
457	275
457	276
457	277
458	201
458	202
458	203
458	204
458	205
458	206
458	262
458	263
458	264
458	265
458	266
458	267
458	268
458	269
458	270
458	271
458	272
458	273
458	274
458	275
458	276
458	277
459	201
459	202
459	203
459	204
459	205
459	206
459	262
459	263
459	264
459	265
459	266
459	267
459	268
459	269
459	270
459	271
459	272
459	273
459	274
459	275
459	276
459	277
460	201
460	202
460	203
460	204
460	205
460	206
460	262
460	263
460	264
460	265
460	266
460	267
460	268
460	269
460	270
460	271
460	272
460	273
460	274
460	275
460	276
460	277
461	201
461	202
461	203
461	204
461	205
461	206
461	262
461	263
461	264
461	265
461	266
461	267
461	268
461	269
461	270
461	271
461	272
461	273
461	274
461	275
461	276
461	277
462	201
462	202
462	203
462	204
462	205
462	206
462	262
462	263
462	264
462	265
462	266
462	267
462	268
462	269
462	270
462	271
462	272
462	273
462	274
462	275
462	276
462	277
463	201
463	202
463	203
463	204
463	205
463	206
463	262
463	263
463	264
463	265
463	266
463	267
463	268
463	269
463	270
463	271
463	272
463	273
463	274
463	275
463	276
463	277
464	201
464	202
464	203
464	204
464	205
464	206
464	262
464	263
464	264
464	265
464	266
464	267
464	268
464	269
464	270
464	271
464	272
464	273
464	274
464	275
464	276
464	277
465	201
465	202
465	203
465	204
465	205
465	206
465	262
465	263
465	264
465	265
465	266
465	267
465	268
465	269
465	270
465	271
465	272
465	273
465	274
465	275
465	276
465	277
466	201
466	202
466	203
466	204
466	205
466	206
466	262
466	263
466	264
466	265
466	266
466	267
466	268
466	269
466	270
466	271
466	272
466	273
466	274
466	275
466	276
466	277
467	201
467	202
467	203
467	204
467	205
467	206
467	262
467	263
467	264
467	265
467	266
467	267
467	268
467	269
467	270
467	271
467	272
467	273
467	274
467	275
467	276
467	277
468	201
468	202
468	203
468	204
468	205
468	206
468	262
468	263
468	264
468	265
468	266
468	267
468	268
468	269
468	270
468	271
468	272
468	273
468	274
468	275
468	276
468	277
469	201
469	202
469	203
469	204
469	205
469	206
469	262
469	263
469	264
469	265
469	266
469	267
469	268
469	269
469	270
469	271
469	272
469	273
469	274
469	275
469	276
469	277
470	201
470	202
470	203
470	204
470	205
470	206
470	262
470	263
470	264
470	265
470	266
470	267
470	268
470	269
470	270
470	271
470	272
470	273
470	274
470	275
470	276
470	277
471	201
471	202
471	203
471	204
471	205
471	206
471	262
471	263
471	264
471	265
471	266
471	267
471	268
471	269
471	270
471	271
471	272
471	273
471	274
471	275
471	276
471	277
472	201
472	202
472	203
472	204
472	205
472	206
472	262
472	263
472	264
472	265
472	266
472	267
472	268
472	269
472	270
472	271
472	272
472	273
472	274
472	275
472	276
472	277
473	201
473	202
473	203
473	204
473	205
473	206
473	262
473	263
473	264
473	265
473	266
473	267
473	268
473	269
473	270
473	271
473	272
473	273
473	274
473	275
473	276
473	277
474	201
474	202
474	203
474	204
474	205
474	206
474	262
474	263
474	264
474	265
474	266
474	267
474	268
474	269
474	270
474	271
474	272
474	273
474	274
474	275
474	276
474	277
475	201
475	202
475	203
475	204
475	205
475	206
475	262
475	263
475	264
475	265
475	266
475	267
475	268
475	269
475	270
475	271
475	272
475	273
475	274
475	275
475	276
475	277
476	201
476	202
476	203
476	204
476	205
476	206
476	262
476	263
476	264
476	265
476	266
476	267
476	268
476	269
476	270
476	271
476	272
476	273
476	274
476	275
476	276
476	277
477	201
477	202
477	203
477	204
477	262
477	263
477	264
477	265
477	266
477	267
477	268
477	269
477	270
477	271
477	272
477	273
477	274
477	275
477	276
477	277
478	201
478	202
478	203
478	204
478	205
478	262
478	263
478	264
478	265
478	266
478	267
478	268
478	269
478	270
478	271
478	272
478	273
478	274
478	275
478	276
478	277
479	201
479	202
479	203
479	204
479	205
479	262
479	263
479	264
479	265
479	266
479	267
479	268
479	269
479	270
479	271
479	272
479	273
479	274
479	275
479	276
479	277
480	201
480	202
480	203
480	204
480	205
480	262
480	263
480	264
480	265
480	266
480	267
480	268
480	269
480	270
480	271
480	272
480	273
480	274
480	275
480	276
480	277
481	201
481	202
481	203
481	204
481	262
481	263
481	264
481	265
481	266
481	267
481	268
481	269
481	270
481	271
481	272
481	273
481	274
481	275
481	276
481	277
482	201
482	202
482	203
482	204
482	262
482	263
482	264
482	265
482	266
482	267
482	268
482	269
482	270
482	271
482	272
482	273
482	274
482	275
482	276
482	277
483	201
483	202
483	203
483	204
483	262
483	263
483	264
483	265
483	266
483	267
483	268
483	269
483	270
483	271
483	272
483	273
483	274
483	275
483	276
483	277
484	201
484	202
484	203
484	204
484	262
484	263
484	264
484	265
484	266
484	267
484	268
484	269
484	270
484	271
484	272
484	273
484	274
484	275
484	276
484	277
485	201
485	202
485	203
485	204
485	262
485	263
485	264
485	265
485	266
485	267
485	268
485	269
485	270
485	271
485	272
485	273
485	274
485	275
485	276
485	277
486	201
486	202
486	203
486	204
486	262
486	263
486	264
486	265
486	266
486	267
486	268
486	269
486	270
486	271
486	272
486	273
486	274
486	275
486	276
486	277
487	201
487	202
487	203
487	204
487	262
487	263
487	264
487	265
487	266
487	267
487	268
487	269
487	270
487	271
487	272
487	273
487	274
487	275
487	276
487	277
488	201
488	202
488	203
488	204
488	262
488	263
488	264
488	265
488	266
488	267
488	268
488	269
488	270
488	271
488	272
488	273
488	274
488	275
488	276
488	277
489	201
489	202
489	203
489	204
489	262
489	263
489	264
489	265
489	266
489	267
489	268
489	269
489	270
489	271
489	272
489	273
489	274
489	275
489	276
489	277
490	201
490	202
490	203
490	204
490	262
490	263
490	264
490	265
490	266
490	267
490	268
490	269
490	270
490	271
490	272
490	273
490	274
490	275
490	276
490	277
490	278
491	201
491	202
491	203
491	204
491	262
491	263
491	264
491	265
491	266
491	267
491	268
491	269
491	270
491	271
491	272
491	273
491	274
491	275
491	276
491	277
491	278
492	201
492	202
492	203
492	204
492	262
492	263
492	264
492	265
492	266
492	267
492	268
492	269
492	270
492	271
492	272
492	273
492	274
492	275
492	276
492	277
492	278
493	201
493	202
493	203
493	204
493	262
493	263
493	264
493	265
493	266
493	267
493	268
493	269
493	270
493	271
493	272
493	273
493	274
493	275
493	276
493	277
493	278
494	201
494	202
494	203
494	204
494	262
494	263
494	264
494	265
494	266
494	267
494	268
494	269
494	270
494	271
494	272
494	273
494	274
494	275
494	276
494	277
494	278
495	201
495	202
495	203
495	204
495	262
495	263
495	264
495	265
495	266
495	267
495	268
495	269
495	270
495	271
495	272
495	273
495	274
495	275
495	276
495	277
495	278
496	201
496	202
496	203
496	204
496	262
496	263
496	264
496	265
496	266
496	267
496	268
496	269
496	270
496	271
496	272
496	273
496	274
496	275
496	276
496	277
496	278
497	201
497	202
497	203
497	204
497	262
497	263
497	264
497	265
497	266
497	267
497	268
497	269
497	270
497	271
497	272
497	273
497	274
497	275
497	276
497	277
497	278
498	201
498	202
498	203
498	262
498	263
498	264
498	265
498	266
498	267
498	268
498	269
498	270
498	271
498	272
498	273
498	274
498	275
498	276
498	277
498	278
499	201
499	202
499	203
499	204
499	262
499	263
499	264
499	265
499	266
499	267
499	268
499	269
499	270
499	271
499	272
499	273
499	274
499	275
499	276
499	277
499	278
500	201
500	202
500	203
500	204
500	262
500	263
500	264
500	265
500	266
500	267
500	268
500	269
500	270
500	271
500	272
500	273
500	274
500	275
500	276
500	277
500	278
501	201
501	202
501	203
501	204
501	262
501	263
501	264
501	265
501	266
501	267
501	268
501	269
501	270
501	271
501	272
501	273
501	274
501	275
501	276
501	277
501	278
502	201
502	202
502	203
502	204
502	262
502	263
502	264
502	265
502	266
502	267
502	268
502	269
502	270
502	271
502	272
502	273
502	274
502	275
502	276
502	277
502	278
503	201
503	202
503	203
503	204
503	262
503	263
503	264
503	265
503	266
503	267
503	268
503	269
503	270
503	271
503	272
503	273
503	274
503	275
503	276
503	277
503	278
504	201
504	202
504	203
504	204
504	262
504	263
504	264
504	265
504	266
504	267
504	268
504	269
504	270
504	271
504	272
504	273
504	274
504	275
504	276
504	277
504	278
505	201
505	202
505	203
505	204
505	262
505	263
505	264
505	265
505	266
505	267
505	268
505	269
505	270
505	271
505	272
505	273
505	274
505	275
505	276
505	277
505	278
506	201
506	202
506	203
506	204
506	262
506	263
506	264
506	265
506	266
506	267
506	268
506	269
506	270
506	271
506	272
506	273
506	274
506	275
506	276
506	277
506	278
507	201
507	202
507	203
507	204
507	262
507	263
507	264
507	265
507	266
507	267
507	268
507	269
507	270
507	271
507	272
507	273
507	274
507	275
507	276
508	201
508	202
508	203
508	204
508	262
508	263
508	264
508	265
508	266
508	267
508	268
508	269
508	270
508	271
508	272
508	273
508	274
508	275
508	276
508	277
508	278
509	201
509	202
509	203
509	204
509	262
509	263
509	264
509	265
509	266
509	267
509	268
509	269
509	270
509	271
509	272
509	273
509	274
509	275
509	276
509	277
509	278
510	201
510	202
510	203
510	204
510	262
510	263
510	264
510	265
510	266
510	267
510	268
510	269
510	270
510	271
510	272
510	273
510	274
510	275
510	276
510	277
510	278
511	201
511	202
511	203
511	204
511	262
511	263
511	264
511	265
511	266
511	267
511	268
511	269
511	270
511	271
511	272
511	273
511	274
511	275
511	276
511	277
512	201
512	202
512	203
512	204
512	262
512	263
512	264
512	265
512	266
512	267
512	268
512	269
512	270
512	271
512	272
512	273
512	274
512	275
512	276
512	277
513	201
513	202
513	203
513	204
513	262
513	263
513	264
513	265
513	266
513	267
513	268
513	269
513	270
513	271
513	272
513	273
513	274
513	275
513	276
513	277
514	201
514	202
514	203
514	204
514	262
514	263
514	264
514	265
514	266
514	267
514	268
514	269
514	270
514	271
514	272
514	273
514	274
514	275
514	276
514	277
515	201
515	202
515	203
515	204
515	262
515	263
515	264
515	265
515	266
515	267
515	268
515	269
515	270
515	271
515	272
515	273
515	274
515	275
515	276
515	277
516	200
516	201
516	202
516	203
516	204
516	262
516	263
516	264
516	265
516	266
516	267
516	268
516	269
516	270
516	271
516	272
516	273
516	274
516	275
516	276
516	277
517	200
517	201
517	202
517	203
517	204
517	262
517	263
517	264
517	265
517	266
517	267
517	268
517	269
517	270
517	271
517	272
517	273
517	274
517	275
517	276
517	277
518	200
518	201
518	202
518	203
518	204
518	262
518	263
518	264
518	265
518	266
518	267
518	268
518	269
518	270
518	271
518	272
518	273
518	274
518	275
518	276
518	277
519	200
519	201
519	202
519	203
519	204
519	262
519	263
519	264
519	265
519	266
519	267
519	268
519	269
519	270
519	271
519	272
519	273
519	274
519	275
519	276
519	277
520	200
520	201
520	202
520	203
520	204
520	263
520	264
520	265
520	266
520	267
520	268
520	269
520	270
520	271
520	272
520	273
520	274
520	275
520	276
520	277
521	200
521	201
521	202
521	203
521	204
521	262
521	263
521	264
521	265
521	266
521	267
521	268
521	269
521	270
521	271
521	272
521	273
521	274
521	275
521	276
521	277
522	200
522	201
522	202
522	203
522	262
522	263
522	264
522	265
522	266
522	267
522	268
522	269
522	270
522	271
522	272
522	273
522	274
522	275
522	276
522	277
523	200
523	201
523	202
523	203
523	204
523	262
523	263
523	264
523	265
523	266
523	267
523	268
523	269
523	270
523	271
523	272
523	273
523	274
523	275
523	276
523	277
524	200
524	201
524	202
524	203
524	204
524	262
524	263
524	264
524	265
524	266
524	267
524	268
524	269
524	270
524	271
524	272
524	273
524	274
524	275
524	276
524	277
525	200
525	201
525	202
525	203
525	204
525	262
525	263
525	264
525	265
525	266
525	267
525	268
525	269
525	270
525	271
525	272
525	273
525	274
525	275
525	276
525	277
526	200
526	201
526	202
526	203
526	204
526	262
526	263
526	264
526	265
526	266
526	267
526	268
526	269
526	270
526	271
526	272
526	273
526	274
526	275
526	276
526	277
527	200
527	201
527	202
527	203
527	204
527	263
527	264
527	265
527	266
527	267
527	268
527	269
527	270
527	271
527	272
527	273
527	274
527	275
527	276
527	277
528	200
528	201
528	202
528	203
528	204
528	262
528	263
528	264
528	265
528	266
528	267
528	268
528	269
528	270
528	271
528	272
528	273
528	274
528	275
528	276
528	277
529	200
529	201
529	202
529	203
529	204
529	262
529	263
529	264
529	265
529	266
529	267
529	268
529	269
529	270
529	271
529	272
529	273
529	274
529	275
529	276
529	277
530	201
530	202
530	203
530	204
530	262
530	263
530	264
530	265
530	266
530	267
530	268
530	269
530	270
530	271
530	272
530	273
530	274
530	275
530	276
530	277
531	200
531	201
531	202
531	203
531	204
531	262
531	263
531	264
531	265
531	266
531	267
531	268
531	269
531	270
531	271
531	272
531	273
531	274
531	275
531	276
531	277
532	200
532	201
532	202
532	203
532	204
532	262
532	263
532	264
532	265
532	266
532	267
532	268
532	269
532	270
532	271
532	272
532	273
532	274
532	275
532	276
532	277
533	200
533	201
533	202
533	203
533	204
533	262
533	263
533	264
533	265
533	266
533	267
533	268
533	269
533	270
533	271
533	272
533	273
533	274
533	275
533	276
533	277
534	200
534	201
534	202
534	203
534	204
534	262
534	263
534	264
534	265
534	266
534	267
534	268
534	269
534	270
534	271
534	272
534	273
534	274
534	275
534	276
534	277
535	200
535	201
535	202
535	203
535	204
535	262
535	263
535	264
535	265
535	266
535	267
535	268
535	269
535	270
535	271
535	272
535	273
535	274
535	275
535	276
535	277
536	200
536	201
536	202
536	203
536	204
536	262
536	263
536	264
536	265
536	266
536	267
536	268
536	269
536	270
536	271
536	272
536	273
536	274
536	275
536	276
536	277
537	200
537	201
537	202
537	203
537	204
537	262
537	263
537	264
537	265
537	266
537	267
537	268
537	269
537	270
537	271
537	272
537	273
537	274
537	275
537	276
537	277
538	200
538	201
538	202
538	203
538	204
538	262
538	263
538	264
538	265
538	266
538	267
538	268
538	269
538	270
538	271
538	272
538	273
538	274
538	275
538	276
538	277
539	200
539	201
539	202
539	203
539	204
539	262
539	263
539	264
539	265
539	266
539	267
539	268
539	269
539	270
539	271
539	272
539	273
539	274
539	275
539	276
539	277
540	200
540	201
540	202
540	203
540	204
540	262
540	263
540	264
540	265
540	266
540	267
540	268
540	269
540	270
540	271
540	272
540	273
540	274
540	275
540	276
540	277
541	200
541	201
541	202
541	203
541	262
541	263
541	264
541	265
541	266
541	267
541	268
541	269
541	270
541	271
541	272
541	273
541	274
541	275
541	276
541	277
542	200
542	201
542	202
542	203
542	204
542	262
542	263
542	264
542	265
542	266
542	267
542	268
542	269
542	270
542	271
542	272
542	273
542	274
542	275
542	276
542	277
543	200
543	201
543	202
543	203
543	204
544	200
544	201
544	202
544	203
544	204
544	262
544	263
544	264
544	265
544	266
544	267
544	268
544	269
544	270
544	271
544	272
544	273
544	274
544	275
544	276
544	277
545	200
545	201
545	202
545	203
545	204
545	262
545	263
545	264
545	265
545	266
545	267
545	268
545	269
545	270
545	271
545	272
545	273
545	274
545	275
545	276
545	277
546	200
546	201
546	202
546	203
546	204
546	262
546	263
546	264
546	265
546	266
546	267
546	268
546	269
546	270
546	271
546	272
546	273
546	274
546	275
546	276
546	277
547	200
547	201
547	202
547	203
547	204
547	261
547	262
547	263
547	264
547	265
547	266
547	267
547	268
547	269
547	270
547	271
547	272
547	273
547	274
547	275
547	276
547	277
548	200
548	201
548	202
548	203
548	204
548	260
548	261
548	262
548	263
548	264
548	265
548	266
548	267
548	268
548	269
548	270
548	271
548	272
548	273
548	274
548	275
548	276
548	277
549	200
549	201
549	202
549	203
549	204
549	260
549	261
549	262
549	263
549	264
549	265
549	266
549	267
549	268
549	269
549	270
549	271
549	272
549	273
549	274
549	275
549	276
549	277
550	200
550	201
550	202
550	203
550	204
550	260
550	261
550	262
550	263
550	264
550	265
550	266
550	267
550	268
550	269
550	270
550	271
550	272
550	273
550	274
550	275
550	276
550	277
551	200
551	201
551	202
551	203
551	204
551	260
551	261
551	262
551	263
551	264
551	265
551	266
551	267
551	268
551	269
551	270
551	271
551	272
551	273
551	274
551	275
551	276
551	277
552	200
552	201
552	202
552	203
552	204
552	260
552	261
552	262
552	263
552	264
552	265
552	266
552	267
552	268
552	269
552	270
552	271
552	272
552	273
552	274
552	275
552	276
552	277
553	200
553	201
553	202
553	203
553	260
553	261
553	262
553	263
553	264
553	265
553	266
553	267
553	268
553	269
553	270
553	271
553	272
553	273
553	274
553	275
553	276
553	277
554	200
554	201
554	202
554	203
554	204
554	260
554	261
554	262
554	263
554	264
554	265
554	266
554	267
554	268
554	269
554	270
554	271
554	272
554	273
554	274
554	275
554	276
554	277
555	200
555	201
555	202
555	203
555	204
555	260
555	261
555	262
555	263
555	264
555	265
555	266
555	267
555	268
555	269
555	270
555	271
555	272
555	273
555	274
555	275
555	276
555	277
556	200
556	201
556	202
556	203
556	260
556	261
556	262
556	263
556	264
556	265
556	266
556	267
556	268
556	269
556	270
556	271
556	272
556	273
556	274
556	275
556	276
556	277
557	200
557	201
557	202
557	203
557	204
557	260
557	261
557	262
557	263
557	264
557	265
557	266
557	267
557	268
557	269
557	270
557	271
557	272
557	273
557	274
557	275
557	276
557	277
558	200
558	201
558	202
558	203
558	260
558	261
558	262
558	263
558	264
558	265
558	266
558	267
558	268
558	269
558	270
558	271
558	272
558	273
558	274
558	275
558	276
558	277
559	200
559	201
559	202
559	203
559	204
559	260
559	261
559	262
559	263
559	264
559	265
559	266
559	267
559	268
559	269
559	270
559	271
559	272
559	273
559	274
559	275
559	276
559	277
560	200
560	201
560	202
560	203
560	204
560	260
560	261
560	262
560	263
560	264
560	265
560	266
560	267
560	268
560	269
560	270
560	271
560	272
560	273
560	274
560	275
560	276
560	277
561	200
561	201
561	202
561	203
561	260
561	261
561	262
561	263
561	264
561	265
561	266
561	267
561	268
561	269
561	270
561	271
561	272
561	273
561	274
561	275
561	276
561	277
562	200
562	201
562	202
562	203
562	204
562	260
562	261
562	262
562	263
562	264
562	265
562	266
562	267
562	268
562	269
562	270
562	271
562	272
562	273
562	274
562	275
562	276
562	277
563	200
563	201
563	202
563	203
563	204
563	260
563	261
563	262
563	263
563	264
563	265
563	266
563	267
563	268
563	269
563	270
563	271
563	272
563	273
563	274
563	275
563	276
563	277
564	200
564	201
564	202
564	203
564	204
564	260
564	261
564	262
564	263
564	264
564	265
564	266
564	267
564	268
564	269
564	270
564	271
564	272
564	273
564	274
564	275
564	276
564	277
565	200
565	201
565	202
565	203
565	204
565	260
565	261
565	262
565	263
565	264
565	265
565	266
565	267
565	268
565	269
565	270
565	271
565	272
565	273
565	274
565	275
565	276
565	277
566	200
566	201
566	202
566	203
566	204
566	260
566	261
566	262
566	263
566	264
566	265
566	266
566	267
566	268
566	269
566	270
566	271
566	272
566	273
566	274
566	275
566	276
566	277
567	200
567	201
567	202
567	203
567	260
567	261
567	262
567	263
567	264
567	265
567	266
567	267
567	268
567	269
567	270
567	271
567	272
567	273
567	274
567	275
567	276
567	277
568	200
568	201
568	202
568	203
568	260
568	261
568	262
568	263
568	264
568	265
568	266
568	267
568	268
568	269
568	270
568	271
568	272
568	273
568	274
568	275
568	276
568	277
569	200
569	201
569	202
569	203
569	260
569	261
569	262
569	263
569	264
569	265
569	266
569	267
569	268
569	269
569	270
569	271
569	272
569	273
569	274
569	275
569	276
569	277
570	200
570	201
570	202
570	203
570	260
570	261
570	262
570	263
570	264
570	265
570	266
570	267
570	268
570	269
570	270
570	271
570	272
570	273
570	274
570	275
570	276
570	277
571	200
571	201
571	202
571	203
571	260
571	261
571	262
571	263
571	264
571	265
571	266
571	267
571	268
571	269
571	270
571	271
571	272
571	273
571	274
571	275
571	276
571	277
572	200
572	201
572	202
572	203
572	263
572	264
572	265
572	266
572	267
572	268
572	269
572	270
572	271
572	272
572	273
572	274
572	275
572	276
572	277
573	200
573	201
573	202
573	203
573	260
573	261
573	262
573	263
573	264
573	265
573	266
573	267
573	268
573	269
573	270
573	271
573	272
573	273
573	274
573	275
573	276
573	277
574	200
574	201
574	202
574	203
574	260
574	261
574	262
574	263
574	264
574	265
574	266
574	267
574	268
574	269
574	270
574	271
574	272
574	273
574	274
574	275
574	276
574	277
575	200
575	201
575	202
575	203
575	260
575	261
575	262
575	263
575	264
575	265
575	266
575	267
575	268
575	269
575	270
575	271
575	272
575	273
575	274
575	275
575	276
575	277
576	200
576	201
576	202
576	203
576	259
576	260
576	261
576	262
576	263
576	264
576	265
576	266
576	267
576	268
576	269
576	270
576	271
576	272
576	273
576	274
576	275
576	276
576	277
577	200
577	201
577	202
577	203
577	259
577	260
577	261
577	262
577	263
577	264
577	265
577	266
577	267
577	268
577	269
577	270
577	271
577	272
577	273
577	274
577	275
577	276
577	277
578	200
578	201
578	202
578	203
578	259
578	260
578	261
578	262
578	263
578	264
578	265
578	266
578	267
578	268
578	269
578	270
578	271
578	272
578	273
578	274
578	275
578	276
578	277
579	200
579	201
579	202
579	203
579	259
579	260
579	261
579	262
579	263
579	264
579	265
579	266
579	267
579	268
579	269
579	270
579	271
579	272
579	273
579	274
579	275
579	276
579	277
580	200
580	201
580	202
580	203
580	258
580	259
580	260
580	261
580	262
580	263
580	264
580	265
580	266
580	267
580	268
580	269
580	270
580	271
580	272
581	200
581	201
581	202
581	203
581	258
581	259
581	260
581	261
581	262
581	263
581	264
581	265
581	266
581	267
581	268
581	269
581	270
581	271
581	272
581	273
581	274
581	275
581	276
581	277
582	200
582	201
582	202
582	203
582	258
582	259
582	260
582	261
582	262
582	263
582	264
582	265
582	266
582	267
582	268
582	269
582	270
582	271
582	272
582	273
582	274
582	275
582	276
582	277
583	200
583	201
583	202
583	203
583	258
583	259
583	260
583	261
583	262
583	263
583	264
583	265
583	266
583	267
583	268
583	269
583	270
583	271
583	272
584	200
584	201
584	202
584	203
584	258
584	259
584	260
584	261
584	262
584	263
584	264
584	265
584	266
584	267
584	268
584	269
584	270
584	271
584	272
584	273
584	274
584	275
584	276
584	277
585	200
585	201
585	202
585	203
585	258
585	259
585	260
585	261
585	262
585	263
585	264
585	265
585	266
585	267
585	268
585	269
585	270
585	271
585	272
585	273
585	274
585	275
585	276
585	277
586	200
586	201
586	202
586	203
586	258
586	259
586	260
586	261
586	262
586	263
586	264
586	265
586	266
586	267
586	268
586	269
586	270
586	271
586	272
586	273
586	274
586	275
586	276
586	277
587	200
587	201
587	202
587	203
587	258
587	259
587	260
587	261
587	262
587	263
587	264
587	265
587	266
587	267
587	268
587	269
587	270
587	271
587	272
587	273
587	274
587	275
587	276
587	277
588	200
588	201
588	202
588	203
588	258
588	259
588	260
588	261
588	262
588	263
588	264
588	265
588	266
588	267
588	268
588	269
588	270
588	271
588	272
588	273
588	274
588	275
588	276
588	277
589	200
589	201
589	202
589	203
589	258
589	259
589	260
589	261
589	262
589	263
589	264
589	265
589	266
589	267
589	268
589	269
589	270
589	271
589	272
590	200
590	201
590	202
590	203
590	258
590	259
590	260
590	261
590	262
590	263
590	264
590	265
590	266
590	267
590	268
590	269
590	270
590	271
590	272
590	273
590	274
590	275
590	276
590	277
591	200
591	201
591	202
591	203
591	258
591	259
591	260
591	261
591	262
591	263
591	264
591	265
591	266
591	267
591	268
591	269
591	270
591	271
591	272
591	273
591	274
591	275
591	276
591	277
592	200
592	201
592	202
592	203
592	258
592	259
592	260
592	261
592	262
592	263
592	264
592	265
592	266
592	267
592	268
592	269
592	270
592	271
592	272
592	273
592	274
592	275
592	276
592	277
593	200
593	201
593	202
593	203
593	258
593	259
593	260
593	261
593	262
593	263
593	264
593	265
593	266
593	267
593	268
593	269
593	270
593	271
593	272
593	273
593	274
593	275
593	276
593	277
594	200
594	201
594	202
594	203
594	258
594	259
594	260
594	261
594	262
594	263
594	264
594	265
594	266
594	267
594	268
594	269
594	270
594	271
594	272
594	273
594	274
594	275
594	276
594	277
595	200
595	201
595	202
595	203
595	258
595	259
595	260
595	261
595	262
595	263
595	264
595	265
595	266
595	267
595	268
595	269
595	270
595	271
595	272
595	273
595	274
595	275
595	276
595	277
596	200
596	201
596	202
596	203
596	258
596	259
596	260
596	261
596	262
596	263
596	264
596	265
596	266
596	267
596	268
596	269
596	270
596	271
596	272
596	273
596	274
596	275
596	276
596	277
597	200
597	201
597	202
597	203
597	258
597	259
597	260
597	261
597	262
597	263
597	264
597	265
597	266
597	267
597	268
597	269
597	270
597	271
597	272
597	273
597	274
597	275
597	276
598	200
598	201
598	202
598	203
598	258
598	259
598	260
598	261
598	262
598	263
598	264
598	265
598	266
598	267
598	268
598	269
598	270
598	271
598	272
598	273
598	274
598	275
598	276
599	200
599	201
599	202
599	203
599	258
599	259
599	260
599	261
599	262
599	263
599	264
599	265
599	266
599	267
599	268
599	269
599	270
599	271
599	272
599	273
599	274
599	275
599	276
600	200
600	201
600	202
600	203
600	258
600	259
600	260
600	261
600	262
600	263
600	264
600	265
600	266
600	267
600	268
600	269
600	270
600	271
600	272
600	273
600	274
600	275
600	276
601	200
601	201
601	202
601	203
601	258
601	259
601	260
601	261
601	262
601	263
601	264
601	265
601	266
601	267
601	268
601	269
601	270
601	271
601	272
601	273
601	274
601	275
601	276
602	200
602	201
602	202
602	203
602	258
602	259
602	260
602	261
602	262
602	263
602	264
602	265
602	266
602	267
602	268
602	269
602	270
602	271
602	272
602	273
602	274
602	275
602	276
603	200
603	201
603	202
603	203
603	258
603	259
603	260
603	261
603	262
603	263
603	264
603	265
603	266
603	267
603	268
603	269
603	270
603	271
603	272
603	273
603	274
603	275
603	276
604	200
604	201
604	202
604	203
604	258
604	259
604	260
604	261
604	262
604	263
604	264
604	265
604	266
604	267
604	268
604	269
604	270
604	271
604	272
604	273
604	274
604	275
604	276
605	200
605	201
605	202
605	203
605	258
605	259
605	260
605	261
605	262
605	263
605	264
605	265
605	266
605	267
605	268
605	269
605	270
605	271
605	272
605	273
605	274
605	275
605	276
606	200
606	201
606	202
606	203
606	258
606	259
606	260
606	261
606	262
606	263
606	264
606	265
606	266
606	267
606	268
606	269
606	270
606	271
606	272
606	273
606	274
606	275
606	276
607	200
607	201
607	202
607	203
607	258
607	259
607	260
607	261
607	262
607	263
607	264
607	265
607	266
607	267
607	268
607	269
607	270
607	271
607	272
607	273
607	274
607	275
607	276
608	200
608	201
608	202
608	203
608	258
608	259
608	260
608	261
608	262
608	263
608	264
608	265
608	266
608	267
608	268
608	269
608	270
608	271
608	272
608	273
608	274
608	275
608	276
609	200
609	201
609	202
609	203
609	258
609	259
609	260
609	261
609	262
609	263
609	264
609	265
609	266
609	267
609	268
609	269
609	270
609	271
609	272
609	273
609	274
609	275
609	276
610	200
610	201
610	202
610	203
610	258
610	259
610	260
610	261
610	262
610	263
610	264
610	265
610	266
610	267
610	268
610	269
610	270
610	271
610	272
610	273
610	274
610	275
610	276
611	200
611	201
611	202
611	203
611	258
611	259
611	260
611	261
611	262
611	263
611	264
611	265
611	266
611	267
611	268
611	269
611	270
611	271
611	272
611	273
611	274
611	275
611	276
612	200
612	201
612	202
612	203
612	258
612	259
612	260
612	261
612	262
612	263
612	264
612	265
612	266
612	267
612	268
612	269
612	270
612	271
612	272
612	273
612	274
612	275
612	276
613	200
613	201
613	202
613	203
613	258
613	259
613	260
613	261
613	262
613	263
613	264
613	265
613	266
613	267
613	268
613	269
613	270
613	271
613	272
613	273
613	274
613	275
613	276
614	200
614	201
614	202
614	203
614	258
614	259
614	260
614	261
614	262
614	263
614	264
614	265
614	266
614	267
614	268
614	269
614	270
614	271
614	272
614	273
614	274
614	275
614	276
615	200
615	201
615	202
615	203
615	258
615	259
615	260
615	261
615	262
615	263
615	264
615	265
615	266
615	267
615	268
615	269
615	270
615	271
615	272
615	273
615	274
615	275
615	276
616	200
616	201
616	202
616	203
616	258
616	259
616	260
616	261
616	262
616	263
616	264
616	265
616	266
616	267
616	268
616	269
616	270
616	271
616	272
616	273
616	274
616	275
616	276
617	200
617	201
617	202
617	203
617	258
617	259
617	260
617	261
617	262
617	263
617	264
617	265
617	266
617	267
617	268
617	269
617	270
617	271
617	272
617	273
617	274
617	275
617	276
618	200
618	201
618	202
618	203
618	258
618	259
618	260
618	261
618	262
618	263
618	264
618	265
618	266
618	267
618	268
618	269
618	270
618	271
618	272
619	200
619	201
619	202
619	203
619	262
619	263
619	264
619	265
619	266
619	267
619	268
619	269
619	270
619	271
619	272
619	273
619	274
619	275
619	276
620	200
620	201
620	202
620	203
620	258
620	259
620	260
620	261
620	262
620	263
620	264
620	265
620	266
620	267
620	268
620	269
620	270
620	271
620	272
620	273
620	274
620	275
620	276
621	200
621	201
621	202
621	203
621	258
621	259
621	260
621	261
621	262
621	263
621	264
621	265
621	266
621	267
621	268
621	269
621	270
621	271
621	272
621	273
621	274
621	275
621	276
622	200
622	201
622	202
622	203
622	258
622	259
622	260
622	261
622	262
622	263
622	264
622	265
622	266
622	267
622	268
622	269
622	270
622	271
622	272
623	200
623	201
623	202
623	203
623	258
623	259
623	260
623	261
623	262
623	263
623	264
623	265
623	266
623	267
623	268
623	269
623	270
623	271
623	272
623	273
623	274
623	275
624	200
624	201
624	202
624	203
624	258
624	259
624	260
624	261
624	262
624	263
624	264
624	265
624	266
624	267
624	268
624	269
624	270
624	271
624	272
624	273
624	274
624	275
625	200
625	201
625	202
625	203
625	257
625	258
625	259
625	260
625	261
625	262
625	263
625	264
625	265
625	266
625	267
625	268
625	269
625	270
625	271
625	272
625	273
625	274
625	275
626	200
626	201
626	202
626	203
626	256
626	257
626	258
626	259
626	260
626	261
626	262
626	263
626	264
626	265
626	266
626	267
626	268
626	269
626	270
626	271
626	272
626	273
626	274
627	199
627	200
627	201
627	202
627	203
627	256
627	257
627	258
627	259
627	260
627	261
627	262
627	263
627	264
627	265
627	266
627	267
627	268
627	269
627	270
627	271
627	272
627	273
627	274
628	199
628	200
628	201
628	202
628	203
628	256
628	257
628	258
628	259
628	260
628	261
628	262
628	263
628	264
628	265
628	266
628	267
628	268
628	269
628	270
628	271
628	272
628	273
628	274
629	199
629	200
629	201
629	202
629	256
629	257
629	258
629	259
629	260
629	261
629	262
629	263
629	264
629	265
629	266
629	267
629	268
629	269
629	270
629	271
629	272
629	273
630	199
630	200
630	201
630	202
630	256
630	257
630	258
630	259
630	260
630	261
630	262
630	263
630	264
630	265
630	266
630	267
630	268
630	269
630	270
630	271
630	272
630	273
631	199
631	200
631	201
631	202
631	255
631	256
631	257
631	258
631	259
