1	297
1	298
1	299
1	300
1	301
1	302
1	303
1	304
1	305
1	306
1	307
1	308
1	309
1	310
1	311
1	312
1	313
2	297
2	298
2	299
2	300
2	301
2	302
2	303
2	304
2	305
2	306
2	307
2	308
2	309
2	310
2	311
2	312
2	313
3	298
3	299
3	300
3	301
3	302
3	303
3	304
3	305
3	306
3	307
3	308
3	309
3	310
3	311
3	312
4	296
4	297
4	298
4	299
4	300
4	301
4	302
4	303
4	304
4	305
4	306
4	307
4	308
4	309
4	310
4	311
5	296
5	297
5	298
5	299
5	300
5	301
5	302
5	303
5	304
5	305
5	306
5	307
5	308
5	309
5	310
5	311
6	296
6	297
6	298
6	299
6	300
6	301
6	302
6	303
6	304
6	305
6	306
6	307
6	308
6	309
6	310
6	311
7	298
7	299
7	300
7	301
7	302
7	303
7	304
7	305
7	306
7	307
7	308
7	309
7	310
7	311
8	298
8	299
8	300
8	301
8	302
8	303
8	304
8	305
8	306
8	307
8	308
8	309
8	310
9	298
9	299
9	300
9	301
9	302
9	303
9	304
9	305
9	306
9	307
9	308
9	309
9	310
10	298
10	299
10	300
10	301
10	302
10	303
10	304
10	305
10	306
10	307
10	308
10	309
10	310
11	297
11	298
11	299
11	300
11	301
11	302
11	303
11	304
11	305
11	306
11	307
11	308
12	296
12	297
12	298
12	299
12	300
12	301
12	302
12	303
12	304
12	305
12	306
12	307
12	308
12	309
13	296
13	297
13	298
13	299
13	300
13	301
13	302
13	303
13	304
13	305
13	306
13	307
13	308
13	309
14	296
14	297
14	298
14	299
14	300
14	301
14	302
14	303
14	304
14	305
14	306
14	307
14	308
14	309
15	298
15	299
15	300
15	301
15	302
15	303
15	304
15	305
15	306
15	307
15	308
15	309
16	295
16	296
16	297
16	298
16	299
16	300
16	301
16	302
16	303
16	304
16	305
16	306
16	307
16	308
16	309
17	294
17	295
17	296
17	297
17	298
17	299
17	300
17	301
17	302
17	303
17	304
17	305
17	306
17	307
17	308
17	309
18	298
18	299
18	300
18	301
18	302
18	303
18	304
18	305
18	306
18	307
18	308
18	309
19	293
19	294
19	295
19	296
19	297
19	298
19	299
19	300
19	301
19	302
19	303
19	304
19	305
19	306
19	307
19	308
19	309
20	293
20	294
20	295
20	296
20	297
20	298
20	299
20	300
20	301
20	302
20	303
20	304
20	305
20	306
20	307
20	308
20	309
21	293
21	294
21	295
21	296
21	297
21	298
21	299
21	300
21	301
21	302
21	303
21	304
21	305
21	306
21	307
21	308
22	293
22	294
22	295
22	296
22	297
22	298
22	299
22	300
22	301
22	302
22	303
23	293
23	294
23	295
23	296
23	297
23	298
23	299
23	300
23	301
23	302
23	303
24	292
24	293
24	294
24	295
24	296
24	297
24	298
24	299
24	300
24	301
24	302
25	292
25	293
25	294
25	295
25	296
25	297
25	298
25	299
25	300
25	301
25	302
26	292
26	293
26	294
26	295
26	296
26	297
26	298
26	299
26	300
26	301
26	302
27	292
27	293
27	294
27	295
27	296
27	297
27	298
27	299
27	300
27	301
27	302
28	292
28	293
28	294
28	295
28	296
28	297
28	298
28	299
28	300
28	301
28	302
29	291
29	292
29	293
29	294
29	295
29	296
29	297
29	298
29	299
29	300
29	301
30	291
30	292
30	293
30	294
30	295
30	296
30	297
30	298
30	299
30	300
30	301
30	302
30	303
31	291
31	292
31	293
31	294
31	295
31	296
31	297
31	298
31	299
31	300
31	301
31	302
31	303
32	291
32	292
32	293
32	294
32	295
32	296
32	297
32	298
32	299
32	300
32	301
32	302
32	303
33	290
33	291
33	292
33	293
33	294
33	295
33	296
33	297
33	298
33	299
33	300
33	301
33	302
33	303
34	290
34	291
34	292
34	293
34	294
34	295
34	296
34	297
34	298
34	299
34	300
34	301
34	302
34	303
35	290
35	291
35	292
35	293
35	294
35	295
35	296
35	297
35	298
35	299
35	300
35	301
35	302
35	303
36	289
36	290
36	291
36	292
36	293
36	294
36	295
36	296
36	297
36	298
36	299
36	300
36	301
36	302
36	303
37	289
37	290
37	291
37	292
37	293
37	294
37	295
37	296
37	297
37	298
37	299
37	300
37	301
38	289
38	290
38	291
38	292
38	293
38	294
38	295
38	296
38	297
38	298
38	299
38	300
38	301
38	302
38	303
39	289
39	290
39	291
39	292
39	293
39	294
39	295
39	296
39	297
39	298
39	299
39	300
39	301
39	302
39	303
40	288
40	289
40	290
40	291
40	292
40	293
40	294
40	295
40	296
40	297
40	298
40	299
40	300
40	301
41	287
41	288
41	289
41	290
41	291
41	292
41	293
41	294
41	295
41	296
41	297
41	298
41	299
41	300
41	301
41	302
41	303
42	287
42	288
42	289
42	290
42	291
42	292
42	293
42	294
42	295
42	296
42	297
42	298
42	299
42	300
42	301
42	302
42	303
43	287
43	288
43	289
43	290
43	291
43	292
43	293
43	294
43	295
43	296
43	297
43	298
43	299
43	300
43	301
43	302
44	287
44	288
44	289
44	290
44	291
44	292
44	293
44	294
44	295
44	296
44	297
44	298
44	299
44	300
44	301
44	302
45	286
45	287
45	288
45	289
45	290
45	291
45	292
45	293
45	294
45	295
45	296
45	297
45	298
45	299
45	300
45	301
45	302
46	286
46	287
46	288
46	289
46	290
46	291
46	292
46	293
46	294
46	295
46	296
46	297
46	298
46	299
46	300
46	301
46	302
47	290
47	291
47	292
47	293
47	294
47	295
47	296
47	297
47	298
47	299
47	300
47	301
48	285
48	286
48	287
48	288
48	289
48	290
48	291
48	292
48	293
48	294
48	295
48	296
48	297
48	298
48	299
48	300
48	301
49	285
49	286
49	287
49	288
49	289
49	290
49	291
49	292
49	293
49	294
49	295
49	296
49	297
49	298
49	299
49	300
49	301
50	285
50	286
50	287
50	288
50	289
50	290
50	291
50	292
50	293
50	294
50	295
50	296
50	297
50	298
50	299
50	300
50	301
51	284
51	285
51	286
51	287
51	288
51	289
51	290
51	291
51	292
51	293
51	294
51	295
51	296
51	297
51	298
51	299
51	300
52	284
52	285
52	286
52	287
52	288
52	289
52	290
52	291
52	292
52	293
52	294
52	295
52	296
52	297
52	298
52	299
53	283
53	284
53	285
53	286
53	287
53	288
53	289
53	290
53	291
53	292
53	293
53	294
53	295
53	296
53	297
53	298
53	299
54	283
54	284
54	285
54	286
54	287
54	288
54	289
54	290
54	291
54	292
54	293
54	294
54	295
54	296
54	297
54	298
55	283
55	284
55	285
55	286
55	287
55	288
55	289
55	290
55	291
55	292
55	293
55	294
55	295
55	296
55	297
55	298
56	282
56	283
56	284
56	285
56	286
56	287
56	288
56	289
56	290
56	291
56	292
56	293
56	294
56	295
56	296
56	297
56	298
57	282
57	283
57	284
57	285
57	286
57	287
57	288
57	289
57	290
57	291
57	292
57	293
57	294
57	295
57	296
57	297
58	281
58	282
58	283
58	284
58	285
58	286
58	287
58	288
58	289
58	290
58	291
58	292
58	293
58	294
58	295
58	296
58	297
59	281
59	282
59	283
59	284
59	285
59	286
59	287
59	288
59	289
59	290
59	291
59	292
59	293
59	294
59	295
59	296
59	297
60	281
60	282
60	283
60	284
60	285
60	286
60	287
60	288
60	289
60	290
60	291
60	292
60	293
60	294
60	295
60	296
61	286
61	287
61	288
61	289
61	290
61	291
61	292
61	293
61	294
61	295
61	296
62	280
62	281
62	282
62	283
62	284
62	285
62	286
62	287
62	288
62	289
62	290
62	291
62	292
62	293
62	294
62	295
62	296
63	280
63	281
63	282
63	283
63	284
63	285
63	286
63	287
63	288
63	289
63	290
63	291
63	292
63	293
63	294
63	295
64	280
64	281
64	282
64	283
64	284
64	285
64	286
64	287
64	288
64	289
64	290
64	291
64	292
64	293
64	294
64	295
65	280
65	281
65	282
65	283
65	284
65	285
65	286
65	287
65	288
65	289
65	290
65	291
65	292
65	293
65	294
66	280
66	281
66	282
66	283
66	284
66	285
66	286
66	287
66	288
66	289
66	290
66	291
66	292
66	293
66	294
67	280
67	281
67	282
67	283
67	284
67	285
67	286
67	287
67	288
67	289
67	290
67	291
67	292
67	293
69	283
69	284
69	285
69	286
69	287
69	288
69	289
69	290
69	291
69	292
69	293
70	283
70	284
70	285
70	286
70	287
70	288
70	289
70	290
70	291
70	292
70	293
71	283
71	284
71	285
71	286
71	287
71	288
71	289
71	290
71	291
71	292
71	293
72	283
72	284
72	285
72	286
72	287
72	288
72	289
72	290
72	291
72	292
72	293
73	283
73	284
73	285
73	286
73	287
73	288
73	289
73	290
73	291
73	292
73	293
74	282
74	283
74	284
74	285
74	286
74	287
74	288
74	289
74	290
74	291
74	292
75	281
75	282
75	283
75	284
75	285
75	286
75	287
75	288
75	289
75	290
75	291
75	292
76	281
76	282
76	283
76	284
76	285
76	286
76	287
76	288
76	289
76	290
76	291
76	292
77	281
77	282
77	283
77	284
77	285
77	286
77	287
77	288
77	289
77	290
77	291
78	280
78	281
78	282
78	283
78	284
78	285
78	286
78	287
78	288
78	289
78	290
78	291
79	280
79	281
79	282
79	283
79	284
79	285
79	286
79	287
79	288
79	289
79	290
79	291
80	280
80	281
80	282
80	283
80	284
80	285
80	286
80	287
80	288
80	289
80	290
80	291
81	280
81	281
81	282
81	283
81	284
81	285
81	286
81	287
81	288
81	289
81	290
81	291
82	279
82	280
82	281
82	282
82	283
82	284
82	285
82	286
82	287
82	288
82	289
82	290
82	291
83	279
83	280
83	281
83	282
83	283
83	284
83	285
83	286
83	287
83	288
83	289
83	290
83	291
84	279
84	280
84	281
84	282
84	283
84	284
84	285
84	286
84	287
84	288
84	289
84	290
84	291
85	278
85	279
85	280
85	281
85	282
85	283
85	284
85	285
85	286
85	287
85	288
85	289
85	290
85	291
86	278
86	279
86	280
86	281
86	282
86	283
86	284
86	285
86	286
86	287
86	288
86	289
86	290
86	291
87	278
87	279
87	280
87	281
87	282
87	283
87	284
87	285
87	286
87	287
87	288
87	289
87	290
87	291
88	278
88	279
88	280
88	281
88	282
88	283
88	284
88	285
88	286
88	287
88	288
88	289
88	290
89	277
89	278
89	279
89	280
89	281
89	282
89	283
89	284
89	285
89	286
89	287
89	288
89	289
89	290
90	277
90	278
90	279
90	280
90	281
90	282
90	283
90	284
90	285
90	286
90	287
90	288
90	289
90	290
91	277
91	278
91	279
91	280
91	281
91	282
91	283
91	284
91	285
91	286
91	287
91	288
91	289
91	290
92	277
92	278
92	279
92	280
92	281
92	282
92	283
92	284
92	285
92	286
92	287
92	288
92	289
92	290
93	277
93	278
93	279
93	280
93	281
93	282
93	283
93	284
93	285
93	286
93	287
93	288
93	289
93	290
94	276
94	277
94	278
94	279
94	280
94	281
94	282
94	283
94	284
94	285
94	286
94	287
94	288
94	289
94	290
95	276
95	277
95	278
95	279
95	280
95	281
95	282
95	283
95	284
95	285
95	286
95	287
95	288
95	289
95	290
96	276
96	277
96	278
96	279
96	280
96	281
96	282
96	283
96	284
96	285
96	286
96	287
96	288
96	289
96	290
97	280
97	281
97	282
97	283
97	284
97	285
97	286
97	287
97	288
97	289
97	290
98	276
98	277
98	278
98	279
98	280
98	281
98	282
98	283
98	284
98	285
98	286
98	287
98	288
98	289
98	290
99	276
99	277
99	278
99	279
99	280
99	281
99	282
99	283
99	284
99	285
99	286
99	287
99	288
99	289
99	290
100	275
100	276
100	277
100	278
100	279
100	280
100	281
100	282
100	283
100	284
100	285
100	286
100	287
100	288
100	289
100	290
101	274
101	275
101	276
101	277
101	278
101	279
101	280
101	281
101	282
101	283
101	284
101	285
101	286
101	287
102	274
102	275
102	276
102	277
102	278
102	279
102	280
102	281
102	282
102	283
102	284
102	285
102	286
102	287
102	288
102	289
103	274
103	275
103	276
103	277
103	278
103	279
103	280
103	281
103	282
103	283
103	284
103	285
103	286
103	287
103	288
103	289
104	274
104	275
104	276
104	277
104	278
104	279
104	280
104	281
104	282
104	283
104	284
104	285
104	286
104	287
104	288
104	289
105	274
105	275
105	276
105	277
105	278
105	279
105	280
105	281
105	282
105	283
105	284
105	285
105	286
105	287
105	288
106	276
106	277
106	278
106	279
106	280
106	281
106	282
106	283
106	284
106	285
106	286
106	287
106	288
107	273
107	274
107	275
107	276
107	277
107	278
107	279
107	280
107	281
107	282
107	283
108	273
108	274
108	275
108	276
108	277
108	278
108	279
108	280
108	281
108	282
108	283
108	284
108	285
108	286
108	287
109	273
109	274
109	275
109	276
109	277
109	278
109	279
109	280
109	281
109	282
109	283
109	284
109	285
109	286
109	287
110	273
110	274
110	275
110	276
110	277
110	278
110	279
110	280
110	281
110	282
110	283
110	284
110	285
110	286
110	287
111	273
111	274
111	275
111	276
111	277
111	278
111	279
111	280
111	281
111	282
111	283
111	284
111	285
111	286
111	287
112	273
112	274
112	275
112	276
112	277
112	278
112	279
112	280
112	281
112	282
112	283
112	284
112	285
112	286
113	275
113	276
113	277
113	278
113	279
113	280
113	281
113	282
113	283
113	284
113	285
113	286
114	272
114	273
114	274
114	275
114	276
114	277
114	278
114	279
114	280
114	281
114	282
114	283
114	284
114	285
114	286
115	272
115	273
115	274
115	275
115	276
115	277
115	278
115	279
115	280
115	281
115	282
115	283
115	284
115	285
115	286
116	272
116	273
116	274
116	275
116	276
116	277
116	278
116	279
116	280
116	281
116	282
116	283
116	284
116	285
117	272
117	273
117	274
117	275
117	276
117	277
117	278
117	279
117	280
117	281
117	282
117	283
117	284
117	285
118	272
118	273
118	274
118	275
118	276
118	277
118	278
118	279
118	280
118	281
118	282
118	283
118	284
118	285
119	271
119	272
119	273
119	274
119	275
119	276
119	277
119	278
119	279
119	280
119	281
119	282
119	283
119	284
119	285
120	271
120	272
120	273
120	274
120	275
120	276
120	277
120	278
120	279
120	280
120	281
120	282
120	283
120	284
120	285
121	271
121	272
121	273
121	274
121	275
121	276
121	277
121	278
121	279
121	280
121	281
121	282
121	283
121	284
122	271
122	272
122	273
122	274
122	275
122	276
122	277
122	278
122	279
122	280
122	281
122	282
122	283
123	271
123	272
123	273
123	274
123	275
123	276
123	277
123	278
123	279
123	280
123	281
123	282
123	283
124	271
124	272
124	273
124	274
124	275
124	276
124	277
124	278
124	279
124	280
124	281
124	282
124	283
125	271
125	272
125	273
125	274
125	275
125	276
125	277
125	278
125	279
125	280
125	281
125	282
125	283
126	270
126	271
126	272
126	273
126	274
126	275
126	276
126	277
126	278
126	279
126	280
127	270
127	271
127	272
127	273
127	274
127	275
127	276
127	277
127	278
127	279
127	280
127	281
127	282
127	283
128	270
128	271
128	272
128	273
128	274
128	275
128	276
128	277
128	278
128	279
128	280
128	281
128	282
129	270
129	271
129	272
129	273
129	274
129	275
129	276
129	277
129	278
129	279
129	280
129	281
129	282
130	270
130	271
130	272
130	273
130	274
130	275
130	276
130	277
130	278
130	279
130	280
130	281
130	282
131	270
131	271
131	272
131	273
131	274
131	275
131	276
131	277
131	278
131	279
131	280
131	281
131	282
132	270
132	271
132	272
132	273
132	274
132	275
132	276
132	277
132	278
132	279
132	280
132	281
132	282
133	270
133	271
133	272
133	273
133	274
133	275
133	276
133	277
133	278
133	279
133	280
133	281
133	282
134	270
134	271
134	272
134	273
134	274
134	275
134	276
134	277
134	278
134	279
134	280
134	281
134	282
135	270
135	271
135	272
135	273
135	274
135	275
135	276
135	277
135	278
135	279
135	280
135	281
135	282
136	270
136	271
136	272
136	273
136	274
136	275
136	276
136	277
136	278
136	279
136	280
136	281
136	282
137	270
137	271
137	272
137	273
137	274
137	275
137	276
137	277
137	278
137	279
137	280
137	281
137	282
138	269
138	270
138	271
138	272
138	273
138	274
138	275
138	276
138	277
138	278
138	279
138	280
138	281
138	282
139	269
139	270
139	271
139	272
139	273
139	274
139	275
139	276
139	277
139	278
139	279
139	280
139	281
139	282
140	268
140	269
140	270
140	271
140	272
140	273
140	274
140	275
140	276
140	277
140	278
140	279
140	280
140	281
140	282
141	268
141	269
141	270
141	271
141	272
141	273
141	274
141	275
141	276
141	277
141	278
141	279
141	280
141	281
142	268
142	269
142	270
142	271
142	272
142	273
142	274
142	275
142	276
142	277
142	278
142	279
142	280
142	281
143	268
143	269
143	270
143	271
143	272
143	273
143	274
143	275
143	276
143	277
143	278
143	279
143	280
143	281
144	267
144	268
144	269
144	270
144	271
144	272
144	273
144	274
144	275
144	276
144	277
144	278
144	279
144	280
145	267
145	268
145	269
145	270
145	271
145	272
145	273
145	274
145	275
145	276
145	277
145	278
145	279
145	280
146	267
146	268
146	269
146	270
146	271
146	272
146	273
146	274
146	275
146	276
146	277
146	278
146	279
146	280
147	266
147	267
147	268
147	269
147	270
147	271
147	272
147	273
147	274
147	275
147	276
147	277
147	278
147	279
147	280
148	266
148	267
148	268
148	269
148	270
148	271
148	272
148	273
148	274
148	275
148	276
148	277
148	278
148	279
148	280
149	266
149	267
149	268
149	269
149	270
149	271
149	272
149	273
149	274
149	275
149	276
149	277
149	278
149	279
149	280
150	266
150	267
150	268
150	269
150	270
150	271
150	272
150	273
150	274
150	275
150	276
150	277
150	278
150	279
150	280
151	266
151	267
151	268
151	269
151	270
151	271
151	272
151	273
151	274
151	275
151	276
151	277
151	278
151	279
151	280
152	266
152	267
152	268
152	269
152	270
152	271
152	272
152	273
152	274
152	275
152	276
152	277
152	278
152	279
152	280
153	267
153	268
153	269
153	270
153	271
153	272
153	273
153	274
153	275
153	276
153	277
153	278
153	279
153	280
154	269
154	270
154	271
154	272
154	273
154	274
154	275
154	276
154	277
154	278
154	279
156	268
156	269
156	270
156	271
156	272
156	273
156	274
156	275
156	276
156	277
156	278
157	268
157	269
157	270
157	271
157	272
157	273
157	274
157	275
157	276
157	277
157	278
158	268
158	269
158	270
158	271
158	272
158	273
158	274
158	275
158	276
158	277
158	278
159	268
159	269
159	270
159	271
159	272
159	273
159	274
159	275
159	276
159	277
159	278
160	268
160	269
160	270
160	271
160	272
160	273
160	274
160	275
160	276
160	277
160	278
161	268
161	269
161	270
161	271
161	272
161	273
161	274
161	275
161	276
161	277
161	278
162	268
162	269
162	270
162	271
162	272
162	273
162	274
162	275
162	276
162	277
162	278
163	263
163	264
163	265
163	266
163	267
163	268
163	269
163	270
163	271
163	272
163	273
163	274
163	275
163	276
163	277
163	278
164	263
164	264
164	265
164	266
164	267
164	268
164	269
164	270
164	271
164	272
164	273
164	274
164	275
164	276
164	277
164	278
165	263
165	264
165	265
165	266
165	267
165	268
165	269
165	270
165	271
165	272
165	273
165	274
165	275
165	276
165	277
166	262
166	263
166	264
166	265
166	266
166	267
166	268
166	269
166	270
166	271
166	272
166	273
166	274
166	275
166	276
167	262
167	263
167	264
167	265
167	266
167	267
167	268
167	269
167	270
167	271
167	272
167	273
167	274
167	275
167	276
168	262
168	263
168	264
168	265
168	266
168	267
168	268
168	269
168	270
168	271
168	272
168	273
168	274
168	275
168	276
169	266
169	267
169	268
169	269
169	270
169	271
169	272
169	273
169	274
169	275
169	276
170	261
170	262
170	263
170	264
170	265
170	266
170	267
170	268
170	269
170	270
170	271
170	272
170	273
170	274
170	275
170	276
171	261
171	262
171	263
171	264
171	265
171	266
171	267
171	268
171	269
171	270
171	271
171	272
171	273
171	274
171	275
171	276
172	261
172	262
172	263
172	264
172	265
172	266
172	267
172	268
172	269
172	270
172	271
172	272
172	273
172	274
172	275
172	276
172	277
173	261
173	262
173	263
173	264
173	265
173	266
173	267
173	268
173	269
173	270
173	271
173	272
173	273
173	274
173	275
173	276
173	277
174	261
174	262
174	263
174	264
174	265
174	266
174	267
174	268
174	269
174	270
174	271
174	272
174	273
174	274
174	275
174	276
174	277
175	261
175	262
175	263
175	264
175	265
175	266
175	267
175	268
175	269
175	270
175	271
175	272
175	273
175	274
175	275
175	276
175	277
176	261
176	262
176	263
176	264
176	265
176	266
176	267
176	268
176	269
176	270
176	271
176	272
176	273
176	274
176	275
176	276
176	277
177	261
177	262
177	263
177	264
177	265
177	266
177	267
177	268
177	269
177	270
177	271
177	272
177	273
177	274
177	275
177	276
177	277
178	261
178	262
178	263
178	264
178	265
178	266
178	267
178	268
178	269
178	270
178	271
178	272
178	273
178	274
178	275
178	276
178	277
179	261
179	262
179	263
179	264
179	265
179	266
179	267
179	268
179	269
179	270
179	271
179	272
179	273
179	274
179	275
179	276
179	277
180	261
180	262
180	263
180	264
180	265
180	266
180	267
180	268
180	269
180	270
180	271
180	272
180	273
180	274
180	275
180	276
180	277
181	261
181	262
181	263
181	264
181	265
181	266
181	267
181	268
181	269
181	270
181	271
181	272
181	273
181	274
181	275
181	276
181	277
182	261
182	262
182	263
182	264
182	265
182	266
182	267
182	268
182	269
182	270
182	271
182	272
182	273
182	274
182	275
182	276
182	277
183	261
183	262
183	263
183	264
183	265
183	266
183	267
183	268
183	269
183	270
183	271
183	272
183	273
183	274
183	275
183	276
183	277
184	261
184	262
184	263
184	264
184	265
184	266
184	267
184	268
184	269
184	270
184	271
184	272
184	273
184	274
184	275
184	276
184	277
185	261
185	262
185	263
185	264
185	265
185	266
185	267
185	268
185	269
185	270
185	271
185	272
185	273
185	274
185	275
185	276
185	277
186	261
186	262
186	263
186	264
186	265
186	266
186	267
186	268
186	269
186	270
186	271
186	272
186	273
186	274
186	275
186	276
186	277
187	261
187	262
187	263
187	264
187	265
187	266
187	267
187	268
187	269
187	270
187	271
187	272
187	273
187	274
187	275
187	276
187	277
188	261
188	262
188	263
188	264
188	265
188	266
188	267
188	268
188	269
188	270
188	271
188	272
188	273
188	274
188	275
188	276
188	277
189	261
189	262
189	263
189	264
189	265
189	266
189	267
189	268
189	269
189	270
189	271
189	272
189	273
189	274
189	275
189	276
189	277
190	261
190	262
190	263
190	264
190	265
190	266
190	267
190	268
190	269
190	270
190	271
190	272
190	273
190	274
190	275
190	276
190	277
191	261
191	262
191	263
191	264
191	265
191	266
191	267
191	268
191	269
191	270
191	271
191	272
191	273
191	274
191	275
191	276
192	261
192	262
192	263
192	264
192	265
192	266
192	267
192	268
192	269
192	270
192	271
192	272
192	273
192	274
192	275
192	276
193	261
193	262
193	263
193	264
193	265
193	266
193	267
193	268
193	269
193	270
193	271
193	272
193	273
193	274
193	275
193	276
194	261
194	262
194	263
194	264
194	265
194	266
194	267
194	268
194	269
194	270
194	271
194	272
194	273
194	274
194	275
194	276
195	261
195	262
195	263
195	264
195	265
195	266
195	267
195	268
195	269
195	270
195	271
195	272
195	273
195	274
195	275
195	276
196	261
196	262
196	263
196	264
196	265
196	266
196	267
196	268
196	269
196	270
196	271
196	272
196	273
196	274
196	275
196	276
197	261
197	262
197	263
197	264
197	265
197	266
197	267
197	268
197	269
197	270
197	271
197	272
197	273
197	274
197	275
197	276
198	261
198	262
198	263
198	264
198	265
198	266
198	267
198	268
198	269
198	270
198	271
198	272
198	273
198	274
198	275
199	261
199	262
199	263
199	264
199	265
199	266
199	267
199	268
199	269
199	270
199	271
199	272
199	273
199	274
199	275
200	261
200	262
200	263
200	264
200	265
200	266
200	267
200	268
200	269
200	270
200	271
200	272
200	273
200	274
200	275
201	261
201	262
201	263
201	264
201	265
201	266
201	267
201	268
201	269
201	270
201	271
201	272
201	273
201	274
201	275
202	261
202	262
202	263
202	264
202	265
202	266
202	267
202	268
202	269
202	270
202	271
202	272
202	273
202	274
202	275
203	261
203	262
203	263
203	264
203	265
203	266
203	267
203	268
203	269
203	270
203	271
203	272
203	273
203	274
204	261
204	262
204	263
204	264
204	265
204	266
204	267
204	268
204	269
204	270
204	271
204	272
204	273
204	274
205	264
205	265
205	266
205	267
205	268
205	269
205	270
205	271
205	272
205	273
205	274
206	264
206	265
206	266
206	267
206	268
206	269
206	270
206	271
206	272
206	273
206	274
207	264
207	265
207	266
207	267
207	268
207	269
207	270
207	271
207	272
207	273
207	274
208	264
208	265
208	266
208	267
208	268
208	269
208	270
208	271
208	272
208	273
208	274
209	264
209	265
209	266
209	267
209	268
209	269
209	270
209	271
209	272
209	273
209	274
210	264
210	265
210	266
210	267
210	268
210	269
210	270
210	271
210	272
210	273
210	274
211	264
211	265
211	266
211	267
211	268
211	269
211	270
211	271
211	272
211	273
211	274
212	264
212	265
212	266
212	267
212	268
212	269
212	270
212	271
212	272
212	273
212	274
213	264
213	265
213	266
213	267
213	268
213	269
213	270
213	271
213	272
213	273
213	274
214	264
214	265
214	266
214	267
214	268
214	269
214	270
214	271
214	272
214	273
214	274
215	264
215	265
215	266
215	267
215	268
215	269
215	270
215	271
215	272
215	273
215	274
216	264
216	265
216	266
216	267
216	268
216	269
216	270
216	271
216	272
216	273
216	274
217	264
217	265
217	266
217	267
217	268
217	269
217	270
217	271
217	272
217	273
217	274
218	264
218	265
218	266
218	267
218	268
218	269
218	270
218	271
218	272
218	273
218	274
219	264
219	265
219	266
219	267
219	268
219	269
219	270
219	271
219	272
219	273
219	274
220	264
220	265
220	266
220	267
220	268
220	269
220	270
220	271
220	272
220	273
220	274
221	261
221	262
221	263
221	264
221	265
221	266
221	267
221	268
221	269
221	270
221	271
221	272
221	273
221	274
222	261
222	262
222	263
222	264
222	265
222	266
222	267
222	268
222	269
222	270
222	271
222	272
222	273
222	274
223	261
223	262
223	263
223	264
223	265
223	266
223	267
223	268
223	269
223	270
223	271
223	272
223	273
223	274
224	261
224	262
224	263
224	264
224	265
224	266
224	267
224	268
224	269
224	270
224	271
224	272
224	273
224	274
225	261
225	262
225	263
225	264
225	265
225	266
225	267
225	268
225	269
225	270
225	271
225	272
225	273
225	274
226	261
226	262
226	263
226	264
226	265
226	266
226	267
226	268
226	269
226	270
226	271
226	272
226	273
226	274
227	261
227	262
227	263
227	264
227	265
227	266
227	267
227	268
227	269
227	270
227	271
227	272
227	273
227	274
228	261
228	262
228	263
228	264
228	265
228	266
228	267
228	268
228	269
228	270
228	271
228	272
228	273
228	274
229	261
229	262
229	263
229	264
229	265
229	266
229	267
229	268
229	269
229	270
229	271
229	272
229	273
229	274
230	261
230	262
230	263
230	264
230	265
230	266
230	267
230	268
230	269
230	270
230	271
230	272
230	273
230	274
231	261
231	262
231	263
231	264
231	265
231	266
231	267
231	268
231	269
231	270
231	271
232	261
232	262
232	263
232	264
232	265
232	266
232	267
232	268
232	269
232	270
232	271
233	261
233	262
233	263
233	264
233	265
233	266
233	267
233	268
233	269
233	270
233	271
234	261
234	262
234	263
234	264
234	265
234	266
234	267
234	268
234	269
234	270
234	271
235	261
235	262
235	263
235	264
235	265
235	266
235	267
235	268
235	269
235	270
235	271
236	261
236	262
236	263
236	264
236	265
236	266
236	267
236	268
236	269
236	270
236	271
237	261
237	262
237	263
237	264
237	265
237	266
237	267
237	268
237	269
237	270
237	271
238	261
238	262
238	263
238	264
238	265
238	266
238	267
238	268
238	269
238	270
238	271
239	261
239	262
239	263
239	264
239	265
239	266
239	267
239	268
239	269
239	270
239	271
241	262
241	263
241	264
241	265
241	266
241	267
241	268
241	269
241	270
241	271
241	272
242	262
242	263
242	264
242	265
242	266
242	267
242	268
242	269
242	270
242	271
242	272
243	262
243	263
243	264
243	265
243	266
243	267
243	268
243	269
243	270
243	271
243	272
243	273
244	263
244	264
244	265
244	266
244	267
244	268
244	269
244	270
244	271
244	272
244	273
245	263
245	264
245	265
245	266
245	267
245	268
245	269
245	270
245	271
245	272
245	273
246	263
246	264
246	265
246	266
246	267
246	268
246	269
246	270
246	271
246	272
246	273
247	263
247	264
247	265
247	266
247	267
247	268
247	269
247	270
247	271
247	272
247	273
248	263
248	264
248	265
248	266
248	267
248	268
248	269
248	270
248	271
248	272
248	273
249	263
249	264
249	265
249	266
249	267
249	268
249	269
249	270
249	271
249	272
249	273
249	274
249	275
249	276
249	277
249	278
249	279
250	263
250	264
250	265
250	266
250	267
250	268
250	269
250	270
250	271
250	272
250	273
250	274
250	275
250	276
250	277
250	278
250	279
251	263
251	264
251	265
251	266
251	267
251	268
251	269
251	270
251	271
251	272
251	273
251	274
251	275
251	276
251	277
251	278
251	279
252	263
252	264
252	265
252	266
252	267
252	268
252	269
252	270
252	271
252	272
252	273
252	274
252	275
252	276
252	277
252	278
252	279
253	263
253	264
253	265
253	266
253	267
253	268
253	269
253	270
253	271
253	272
253	273
253	274
253	275
253	276
253	277
253	278
253	279
254	263
254	264
254	265
254	266
254	267
254	268
254	269
254	270
254	271
254	272
254	273
254	274
254	275
254	276
254	277
254	278
254	279
255	263
255	264
255	265
255	266
255	267
255	268
255	269
255	270
255	271
255	272
255	273
255	274
255	275
255	276
255	277
255	278
255	279
256	263
256	264
256	265
256	266
256	267
256	268
256	269
256	270
256	271
256	272
256	273
256	274
256	275
256	276
256	277
256	278
256	279
257	263
257	264
257	265
257	266
257	267
257	268
257	269
257	270
257	271
257	272
257	273
257	274
257	275
257	276
257	277
257	278
257	279
258	263
258	264
258	265
258	266
258	267
258	268
258	269
258	270
258	271
258	272
258	273
258	274
258	275
258	276
258	277
258	278
258	279
259	263
259	264
259	265
259	266
259	267
259	268
259	269
259	270
259	271
259	272
259	273
259	274
259	275
259	276
259	277
259	278
259	279
260	263
260	264
260	265
260	266
260	267
260	268
260	269
260	270
260	271
260	272
260	273
260	274
260	275
260	276
260	277
260	278
260	279
261	263
261	264
261	265
261	266
261	267
261	268
261	269
261	270
261	271
261	272
261	273
261	274
261	275
261	276
261	277
261	278
261	279
262	263
262	264
262	265
262	266
262	267
262	268
262	269
262	270
262	271
262	272
262	273
262	274
262	275
262	276
262	277
262	278
262	279
263	263
263	264
263	265
263	266
263	267
263	268
263	269
263	270
263	271
263	272
263	273
263	274
263	275
263	276
263	277
263	278
263	279
264	263
264	264
264	265
264	266
264	267
264	268
264	269
264	270
264	271
264	272
264	273
264	274
264	275
264	276
264	277
264	278
264	279
265	269
265	270
265	271
265	272
265	273
265	274
265	275
265	276
265	277
265	278
265	279
266	269
266	270
266	271
266	272
266	273
266	274
266	275
266	276
266	277
266	278
266	279
267	269
267	270
267	271
267	272
267	273
267	274
267	275
267	276
267	277
267	278
267	279
268	269
268	270
268	271
268	272
268	273
268	274
268	275
268	276
268	277
268	278
268	279
269	269
269	270
269	271
269	272
269	273
269	274
269	275
269	276
269	277
269	278
269	279
270	269
270	270
270	271
270	272
270	273
270	274
270	275
270	276
270	277
270	278
270	279
271	269
271	270
271	271
271	272
271	273
271	274
271	275
271	276
271	277
271	278
271	279
271	280
272	270
272	271
272	272
272	273
272	274
272	275
272	276
272	277
272	278
272	279
272	280
273	270
273	271
273	272
273	273
273	274
273	275
273	276
273	277
273	278
273	279
273	280
274	270
274	271
274	272
274	273
274	274
274	275
274	276
274	277
274	278
274	279
274	280
275	270
275	271
275	272
275	273
275	274
275	275
275	276
275	277
275	278
275	279
275	280
276	270
276	271
276	272
276	273
276	274
276	275
276	276
276	277
276	278
276	279
276	280
277	270
277	271
277	272
277	273
277	274
277	275
277	276
277	277
277	278
277	279
277	280
278	270
278	271
278	272
278	273
278	274
278	275
278	276
278	277
278	278
278	279
278	280
279	269
279	270
279	271
279	272
279	273
279	274
279	275
279	276
279	277
279	278
279	279
279	280
280	269
280	270
280	271
280	272
280	273
280	274
280	275
280	276
280	277
280	278
280	279
280	280
281	269
281	270
281	271
281	272
281	273
281	274
281	275
281	276
281	277
281	278
281	279
281	280
282	269
282	270
282	271
282	272
282	273
282	274
282	275
282	276
282	277
282	278
282	279
282	280
282	281
283	269
283	270
283	271
283	272
283	273
283	274
283	275
283	276
283	277
283	278
283	279
283	280
283	281
284	269
284	270
284	271
284	272
284	273
284	274
284	275
284	276
284	277
284	278
284	279
285	269
285	270
285	271
285	272
285	273
285	274
285	275
285	276
285	277
285	278
285	279
286	269
286	270
286	271
286	272
286	273
286	274
286	275
286	276
286	277
286	278
286	279
287	269
287	270
287	271
287	272
287	273
287	274
287	275
287	276
287	277
287	278
287	279
288	269
288	270
288	271
288	272
288	273
288	274
288	275
288	276
288	277
288	278
288	279
289	269
289	270
289	271
289	272
289	273
289	274
289	275
289	276
289	277
289	278
289	279
290	269
290	270
290	271
290	272
290	273
290	274
290	275
290	276
290	277
290	278
290	279
291	269
291	270
291	271
291	272
291	273
291	274
291	275
291	276
291	277
291	278
291	279
292	270
292	271
292	272
292	273
292	274
292	275
292	276
292	277
292	278
292	279
292	280
293	270
293	271
293	272
293	273
293	274
293	275
293	276
293	277
293	278
293	279
293	280
294	270
294	271
294	272
294	273
294	274
294	275
294	276
294	277
294	278
294	279
294	280
294	281
295	270
295	271
295	272
295	273
295	274
295	275
295	276
295	277
295	278
295	279
295	280
295	281
295	282
296	270
296	271
296	272
296	273
296	274
296	275
296	276
296	277
296	278
296	279
296	280
296	281
296	282
297	271
297	272
297	273
297	274
297	275
297	276
297	277
297	278
297	279
297	280
297	281
297	282
297	283
298	270
298	271
298	272
298	273
298	274
298	275
298	276
298	277
298	278
298	279
298	280
298	281
298	282
298	283
299	270
299	271
299	272
299	273
299	274
299	275
299	276
299	277
299	278
299	279
299	280
299	281
299	282
299	283
300	270
300	271
300	272
300	273
300	274
300	275
300	276
300	277
300	278
300	279
300	280
300	281
300	282
300	283
301	270
301	271
301	272
301	273
301	274
301	275
301	276
301	277
301	278
301	279
301	280
301	281
301	282
301	283
302	270
302	271
302	272
302	273
302	274
302	275
302	276
302	277
302	278
302	279
302	280
302	281
302	282
302	283
303	271
303	272
303	273
303	274
303	275
303	276
303	277
303	278
303	279
303	280
303	281
303	282
303	283
304	271
304	272
304	273
304	274
304	275
304	276
304	277
304	278
304	279
304	280
304	281
304	282
304	283
305	271
305	272
305	273
305	274
305	275
305	276
305	277
305	278
305	279
305	280
305	281
305	282
305	283
306	271
306	272
306	273
306	274
306	275
306	276
306	277
306	278
306	279
306	280
306	281
306	282
306	283
307	271
307	272
307	273
307	274
307	275
307	276
307	277
307	278
307	279
307	280
307	281
307	282
308	272
308	273
308	274
308	275
308	276
308	277
308	278
308	279
308	280
308	281
308	282
310	273
310	274
310	275
310	276
310	277
310	278
310	279
310	280
310	281
310	282
310	283
311	273
311	274
311	275
311	276
311	277
311	278
311	279
311	280
311	281
311	282
311	283
312	273
312	274
312	275
312	276
312	277
312	278
312	279
312	280
312	281
312	282
312	283
313	273
313	274
313	275
313	276
313	277
313	278
313	279
313	280
313	281
313	282
313	283
314	273
314	274
314	275
314	276
314	277
314	278
314	279
314	280
314	281
314	282
314	283
315	273
315	274
315	275
315	276
315	277
315	278
315	279
315	280
315	281
315	282
315	283
316	273
316	274
316	275
316	276
316	277
316	278
316	279
316	280
316	281
316	282
316	283
317	273
317	274
317	275
317	276
317	277
317	278
317	279
317	280
317	281
317	282
317	283
318	273
318	274
318	275
318	276
318	277
318	278
318	279
318	280
318	281
318	282
318	283
318	284
318	285
318	286
318	287
318	288
319	273
319	274
319	275
319	276
319	277
319	278
319	279
319	280
319	281
319	282
319	283
319	284
319	285
319	286
319	287
319	288
320	273
320	274
320	275
320	276
320	277
320	278
320	279
320	280
320	281
320	282
320	283
320	284
320	285
320	286
320	287
320	288
321	273
321	274
321	275
321	276
321	277
321	278
321	279
321	280
321	281
321	282
321	283
321	284
321	285
321	286
321	287
321	288
322	274
322	275
322	276
322	277
322	278
322	279
322	280
322	281
322	282
322	283
322	284
322	285
322	286
322	287
322	288
323	274
323	275
323	276
323	277
323	278
323	279
323	280
323	281
323	282
323	283
323	284
323	285
323	286
323	287
323	288
324	274
324	275
324	276
324	277
324	278
324	279
324	280
324	281
324	282
324	283
324	284
324	285
324	286
324	287
324	288
325	274
325	275
325	276
325	277
325	278
325	279
325	280
325	281
325	282
325	283
325	284
325	285
325	286
325	287
325	288
326	274
326	275
326	276
326	277
326	278
326	279
326	280
326	281
326	282
326	283
326	284
326	285
326	286
326	287
326	288
327	274
327	275
327	276
327	277
327	278
327	279
327	280
327	281
327	282
327	283
327	284
327	285
327	286
327	287
327	288
328	275
328	276
328	277
328	278
328	279
328	280
328	281
328	282
328	283
328	284
328	285
328	286
328	287
328	288
329	276
329	277
329	278
329	279
329	280
329	281
329	282
329	283
329	284
329	285
329	286
329	287
329	288
330	276
330	277
330	278
330	279
330	280
330	281
330	282
330	283
330	284
330	285
330	286
330	287
330	288
331	276
331	277
331	278
331	279
331	280
331	281
331	282
331	283
331	284
331	285
331	286
331	287
331	288
332	276
332	277
332	278
332	279
332	280
332	281
332	282
332	283
332	284
332	285
332	286
332	287
332	288
333	276
333	277
333	278
333	279
333	280
333	281
333	282
333	283
333	284
333	285
333	286
333	287
333	288
334	276
334	277
334	278
334	279
334	280
334	281
334	282
334	283
334	284
334	285
334	286
334	287
334	288
335	276
335	277
335	278
335	279
335	280
335	281
335	282
335	283
335	284
335	285
335	286
335	287
335	288
336	276
336	277
336	278
336	279
336	280
336	281
336	282
336	283
336	284
336	285
336	286
336	287
336	288
337	276
337	277
337	278
337	279
337	280
337	281
337	282
337	283
337	284
337	285
337	286
337	287
337	288
338	276
338	277
338	278
338	279
338	280
338	281
338	282
338	283
338	284
338	285
338	286
338	287
338	288
339	278
339	279
339	280
339	281
339	282
339	283
339	284
339	285
339	286
339	287
339	288
340	279
340	280
340	281
340	282
340	283
340	284
340	285
340	286
340	287
340	288
340	289
341	280
341	281
341	282
341	283
341	284
341	285
341	286
341	287
341	288
341	289
341	290
342	280
342	281
342	282
342	283
342	284
342	285
342	286
342	287
342	288
342	289
342	290
343	280
343	281
343	282
343	283
343	284
343	285
343	286
343	287
343	288
343	289
343	290
345	280
345	281
345	282
345	283
345	284
345	285
345	286
345	287
345	288
345	289
345	290
346	280
346	281
346	282
346	283
346	284
346	285
346	286
346	287
346	288
346	289
346	290
347	281
347	282
347	283
347	284
347	285
347	286
347	287
347	288
347	289
347	290
347	291
348	282
348	283
348	284
348	285
348	286
348	287
348	288
348	289
348	290
348	291
348	292
349	282
349	283
349	284
349	285
349	286
349	287
349	288
349	289
349	290
349	291
349	292
350	282
350	283
350	284
350	285
350	286
350	287
350	288
350	289
350	290
350	291
350	292
351	282
351	283
351	284
351	285
351	286
351	287
351	288
351	289
351	290
351	291
351	292
352	282
352	283
352	284
352	285
352	286
352	287
352	288
352	289
352	290
352	291
352	292
353	282
353	283
353	284
353	285
353	286
353	287
353	288
353	289
353	290
353	291
353	292
353	293
354	280
354	281
354	282
354	283
354	284
354	285
354	286
354	287
354	288
354	289
354	290
354	291
354	292
354	293
354	294
355	280
355	281
355	282
355	283
355	284
355	285
355	286
355	287
355	288
355	289
355	290
355	291
355	292
355	293
355	294
356	280
356	281
356	282
356	283
356	284
356	285
356	286
356	287
356	288
356	289
356	290
356	291
356	292
356	293
356	294
357	280
357	281
357	282
357	283
357	284
357	285
357	286
357	287
357	288
357	289
357	290
358	280
358	281
358	282
358	283
358	284
358	285
358	286
358	287
358	288
358	289
358	290
359	280
359	281
359	282
359	283
359	284
359	285
359	286
359	287
359	288
359	289
359	290
360	280
360	281
360	282
360	283
360	284
360	285
360	286
360	287
360	288
360	289
360	290
361	280
361	281
361	282
361	283
361	284
361	285
361	286
361	287
361	288
361	289
361	290
362	280
362	281
362	282
362	283
362	284
362	285
362	286
362	287
362	288
362	289
362	290
363	280
363	281
363	282
363	283
363	284
363	285
363	286
363	287
363	288
363	289
363	290
364	280
364	281
364	282
364	283
364	284
364	285
364	286
364	287
364	288
364	289
364	290
366	281
366	282
366	283
366	284
366	285
366	286
366	287
366	288
366	289
366	290
366	291
366	292
366	293
366	294
366	295
366	296
366	297
366	298
366	299
366	300
366	301
367	282
367	283
367	284
367	285
367	286
367	287
367	288
367	289
367	290
367	291
367	292
367	293
367	294
367	295
367	296
367	297
367	298
367	299
367	300
367	301
368	282
368	283
368	284
368	285
368	286
368	287
368	288
368	289
368	290
368	291
368	292
368	293
368	294
368	295
368	296
368	297
368	298
368	299
368	300
368	301
369	282
369	283
369	284
369	285
369	286
369	287
369	288
369	289
369	290
369	291
369	292
369	293
369	294
369	295
369	296
369	297
369	298
369	299
369	300
369	301
370	283
370	284
370	285
370	286
370	287
370	288
370	289
370	290
370	291
370	292
370	293
370	294
370	295
370	296
370	297
370	298
370	299
370	300
370	301
371	285
371	286
371	287
371	288
371	289
371	290
371	291
371	292
371	293
371	294
371	295
371	296
371	297
371	298
371	299
371	300
371	301
372	286
372	287
372	288
372	289
372	290
372	291
372	292
372	293
372	294
372	295
372	296
372	297
372	298
372	299
372	300
372	301
373	286
373	287
373	288
373	289
373	290
373	291
373	292
373	293
373	294
373	295
373	296
373	297
373	298
373	299
374	287
374	288
374	289
374	290
374	291
374	292
374	293
374	294
374	295
374	296
374	297
374	298
374	299
374	300
374	301
375	287
375	288
375	289
375	290
375	291
375	292
375	293
375	294
375	295
375	296
375	297
375	298
375	299
375	300
375	301
376	289
376	290
376	291
376	292
376	293
376	294
376	295
376	296
376	297
376	298
376	299
376	300
376	301
377	292
377	293
377	294
377	295
377	296
377	297
377	298
377	299
377	300
377	301
377	302
378	292
378	293
378	294
378	295
378	296
378	297
378	298
378	299
378	300
378	301
378	302
379	292
379	293
379	294
379	295
379	296
379	297
379	298
379	299
379	300
379	301
379	302
380	292
380	293
380	294
380	295
380	296
380	297
380	298
380	299
380	300
380	301
380	302
381	290
381	291
381	292
381	293
381	294
381	295
381	296
381	297
381	298
381	299
381	300
381	301
381	302
382	290
382	291
382	292
382	293
382	294
382	295
382	296
382	297
382	298
382	299
382	300
382	301
382	302
383	290
383	291
383	292
383	293
383	294
383	295
383	296
383	297
383	298
383	299
383	300
383	301
383	302
384	290
384	291
384	292
384	293
384	294
384	295
384	296
384	297
384	298
384	299
384	300
384	301
384	302
385	290
385	291
385	292
385	293
385	294
385	295
385	296
385	297
385	298
385	299
385	300
385	301
385	302
386	290
386	291
386	292
386	293
386	294
386	295
386	296
386	297
386	298
386	299
386	300
386	301
386	302
387	1
387	2
387	290
387	291
387	292
387	293
387	294
387	295
387	296
387	297
387	298
387	299
387	300
388	1
388	2
388	290
388	291
388	292
388	293
388	294
388	295
388	296
388	297
388	298
388	299
388	300
389	1
389	2
389	290
389	291
389	292
389	293
389	294
389	295
389	296
389	297
389	298
389	299
389	300
390	1
390	2
390	290
390	291
390	292
390	293
390	294
390	295
390	296
390	297
390	298
390	299
390	300
391	290
391	291
391	292
391	293
391	294
391	295
391	296
391	297
391	298
391	299
391	300
392	1
392	2
392	3
392	4
392	290
392	291
392	292
392	293
392	294
392	295
392	296
392	297
392	298
392	299
392	300
393	1
393	2
393	3
393	4
393	291
393	292
393	293
393	294
393	295
393	296
393	297
393	298
393	299
393	300
393	301
394	1
394	2
394	3
394	4
394	291
394	292
394	293
394	294
394	295
394	296
394	297
394	298
394	299
394	300
394	301
395	1
395	2
395	3
395	4
395	291
395	292
395	293
395	294
395	295
395	296
395	297
395	298
395	299
395	300
395	301
396	1
396	2
396	3
396	4
396	292
396	293
396	294
396	295
396	296
396	297
396	298
396	299
396	300
396	301
396	302
397	1
397	2
397	3
397	4
397	5
397	292
397	293
397	294
397	295
397	296
397	297
397	298
397	299
397	300
397	301
397	302
397	303
398	1
398	2
398	3
398	4
398	5
398	293
398	294
398	295
398	296
398	297
398	298
398	299
398	300
398	301
398	302
398	303
398	304
398	305
398	306
398	307
398	308
399	1
399	2
399	3
399	4
399	5
399	294
399	295
399	296
399	297
399	298
399	299
399	300
399	301
399	302
399	303
399	304
399	305
399	306
399	307
399	308
400	1
400	2
400	3
400	4
400	5
400	294
400	295
400	296
400	297
400	298
400	299
400	300
400	301
400	302
400	303
400	304
400	305
400	306
400	307
400	308
401	1
401	2
401	3
401	4
401	5
401	6
401	298
401	299
401	300
401	301
401	302
401	303
401	304
401	305
401	306
401	307
401	308
402	2
402	3
402	4
402	5
402	6
402	298
402	299
402	300
402	301
402	302
402	303
402	304
402	305
402	306
402	307
402	308
403	3
403	4
403	5
403	6
403	7
403	298
403	299
403	300
403	301
403	302
403	303
403	304
403	305
403	306
403	307
403	308
404	3
404	4
404	5
404	6
404	7
404	298
404	299
404	300
404	301
404	302
404	303
404	304
404	305
404	306
404	307
404	308
405	4
405	5
405	6
405	7
405	8
405	298
405	299
405	300
405	301
405	302
405	303
405	304
405	305
405	306
405	307
405	308
406	4
406	5
406	6
406	7
406	8
406	299
406	300
406	301
406	302
406	303
406	304
406	305
406	306
406	307
406	308
406	309
407	4
407	5
407	6
407	7
407	8
407	300
407	301
407	302
407	303
407	304
407	305
407	306
407	307
407	308
407	309
407	310
408	5
408	6
408	7
408	8
408	9
408	300
408	301
408	302
408	303
408	304
408	305
408	306
408	307
408	308
408	309
408	310
409	5
409	6
409	7
409	8
409	9
409	300
409	301
409	302
409	303
409	304
409	305
409	306
409	307
409	308
409	309
409	310
410	5
410	6
410	7
410	8
410	9
410	301
410	302
410	303
410	304
410	305
410	306
410	307
410	308
410	309
410	310
410	311
411	5
411	6
411	7
411	8
411	9
411	302
411	303
411	304
411	305
411	306
411	307
411	308
411	309
411	310
411	311
411	312
412	5
412	6
412	7
412	8
412	9
412	302
412	303
412	304
412	305
412	306
412	307
412	308
412	309
412	310
412	311
412	312
413	5
413	6
413	7
413	8
413	9
413	303
413	304
413	305
413	306
413	307
413	308
413	309
413	310
413	311
413	312
413	313
414	5
414	6
414	7
414	8
414	9
414	10
414	303
414	304
414	305
414	306
414	307
414	308
414	309
414	310
414	311
414	312
414	313
415	6
415	7
415	8
415	9
415	10
415	303
415	304
415	305
415	306
415	307
415	308
415	309
415	310
415	311
415	312
415	313
416	6
416	7
416	8
416	9
416	10
417	6
417	7
417	8
417	9
417	10
417	303
417	304
417	305
417	306
417	307
417	308
417	309
417	310
417	311
417	312
417	313
417	314
417	315
418	6
418	7
418	8
418	9
418	10
418	303
418	304
418	305
418	306
418	307
418	308
418	309
418	310
418	311
418	312
418	313
418	314
418	315
418	316
419	6
419	7
419	8
419	9
419	10
419	306
419	307
419	308
419	309
419	310
419	311
419	312
419	313
419	314
419	315
419	316
420	6
420	7
420	8
420	9
420	10
420	11
420	304
420	305
420	306
420	307
420	308
420	309
420	310
420	311
420	312
420	313
420	314
420	315
420	316
421	7
421	8
421	9
421	10
421	11
421	304
421	305
421	306
421	307
421	308
421	309
421	310
421	311
421	312
421	313
421	314
421	315
421	316
421	317
421	318
421	319
422	7
422	8
422	9
422	10
422	11
422	304
422	305
422	306
422	307
422	308
422	309
422	310
422	311
422	312
422	313
422	314
422	315
422	316
422	317
422	318
422	319
423	8
423	9
423	10
423	11
423	12
423	304
423	305
423	306
423	307
423	308
423	309
423	310
423	311
423	312
423	313
423	314
423	315
423	316
423	317
423	318
423	319
424	8
424	9
424	10
424	11
424	12
424	304
424	305
424	306
424	307
424	308
424	309
424	310
424	311
424	312
424	313
424	314
424	315
424	316
424	317
424	318
424	319
425	8
425	9
425	10
425	11
425	12
425	304
425	305
425	306
425	307
425	308
425	309
425	310
425	311
425	312
425	313
425	314
425	315
425	316
425	317
425	318
425	319
426	8
426	9
426	10
426	11
426	12
426	13
426	304
426	305
426	306
426	307
426	308
426	309
426	310
426	311
426	312
426	313
426	314
426	315
426	316
426	317
426	318
426	319
427	9
427	10
427	11
427	12
427	13
427	305
427	306
427	307
427	308
427	309
427	310
427	311
427	312
427	313
427	314
427	315
427	316
427	317
427	318
427	319
428	9
428	10
428	11
428	12
428	13
428	305
428	306
428	307
428	308
428	309
428	310
428	311
428	312
428	313
428	314
428	315
428	316
428	317
428	318
428	319
429	9
429	10
429	11
429	12
429	13
429	306
429	307
429	308
429	309
429	310
429	311
429	312
429	313
429	314
429	315
429	316
429	317
429	318
429	319
430	9
430	10
430	11
430	12
430	13
430	14
430	306
430	307
430	308
430	309
430	310
430	311
430	312
430	313
430	314
430	315
430	316
430	317
430	318
430	319
431	10
431	11
431	12
431	13
431	14
431	307
431	308
431	309
431	310
431	311
431	312
431	313
431	314
431	315
431	316
431	317
431	318
431	319
432	10
432	11
432	12
432	13
432	14
432	307
432	308
432	309
432	310
432	311
432	312
432	313
432	314
432	315
432	316
432	317
432	318
432	319
433	10
433	11
433	12
433	13
433	14
433	307
433	308
433	309
433	310
433	311
433	312
433	313
433	314
433	315
433	316
433	317
433	318
433	319
434	10
434	11
434	12
434	13
434	14
434	15
434	308
434	309
434	310
434	311
434	312
434	313
434	314
434	315
434	316
434	317
434	318
434	319
435	12
435	13
435	14
435	15
435	16
435	308
435	309
435	310
435	311
435	312
435	313
435	314
435	315
435	316
435	317
435	318
435	319
436	12
436	13
436	14
436	15
436	16
436	308
436	309
436	310
436	311
436	312
436	313
436	314
436	315
436	316
436	317
436	318
436	319
437	12
437	13
437	14
437	15
437	16
437	308
437	309
437	310
437	311
437	312
437	313
437	314
437	315
437	316
437	317
437	318
437	319
438	12
438	13
438	14
438	15
438	16
438	308
438	309
438	310
438	311
438	312
438	313
438	314
438	315
438	316
438	317
438	318
438	319
439	12
439	13
439	14
439	15
439	16
439	17
439	308
439	309
439	310
439	311
439	312
439	313
439	314
439	315
439	316
439	317
439	318
439	319
440	13
440	14
440	15
440	16
440	17
440	308
440	309
440	310
440	311
440	312
440	313
440	314
440	315
440	316
440	317
440	318
440	319
441	13
441	14
441	15
441	16
441	17
441	309
441	310
441	311
441	312
441	313
441	314
441	315
441	316
441	317
441	318
441	319
442	14
442	15
442	16
442	17
442	18
442	309
442	310
442	311
442	312
442	313
442	314
442	315
442	316
442	317
442	318
442	319
443	14
443	15
443	16
443	17
443	18
443	311
443	312
443	313
443	314
443	315
443	316
443	317
443	318
443	319
444	14
444	15
444	16
444	17
444	18
445	14
445	15
445	16
445	17
445	18
445	19
446	15
446	16
446	17
446	18
446	19
447	16
447	17
447	18
447	19
447	20
448	16
448	17
448	18
448	19
448	20
449	16
449	17
449	18
449	19
449	20
450	16
450	17
450	18
450	19
450	20
451	16
451	17
451	18
451	19
451	20
452	17
452	18
452	19
452	20
452	21
453	17
453	18
453	19
453	20
453	21
454	17
454	18
454	19
454	20
454	21
455	17
455	18
455	19
455	20
455	21
455	22
456	18
456	19
456	20
456	21
456	22
457	18
457	19
457	20
457	21
457	22
458	18
458	19
458	20
458	21
458	22
459	19
459	20
459	21
459	22
459	23
460	20
460	21
460	22
460	23
460	24
461	20
461	21
461	22
461	23
461	24
462	20
462	21
462	22
462	23
462	24
463	20
463	21
463	22
463	23
463	24
464	20
464	21
464	22
464	23
464	24
465	20
465	21
465	22
465	23
465	24
465	25
466	21
466	22
466	23
466	24
466	25
466	26
467	22
467	23
467	24
467	25
467	26
468	22
468	23
468	24
468	25
468	26
469	23
469	24
469	25
469	26
469	27
469	28
470	24
470	25
470	26
470	27
470	28
471	24
471	25
471	26
471	27
471	28
472	24
472	25
472	26
472	27
472	28
473	25
473	26
473	27
473	28
473	29
474	25
474	26
474	27
474	28
474	29
475	1
475	2
475	25
475	26
475	27
475	28
475	29
476	1
476	2
476	3
476	25
476	26
476	27
476	28
476	29
477	1
477	2
477	3
477	25
477	26
477	27
477	28
477	29
478	1
478	2
478	3
478	26
478	27
478	28
478	29
478	30
479	1
479	2
479	3
479	4
479	26
479	27
479	28
479	29
479	30
480	1
480	2
480	3
480	4
480	5
481	2
481	3
481	4
481	5
481	6
481	27
481	28
481	29
481	30
481	31
481	32
482	2
482	3
482	4
482	5
482	6
482	28
482	29
482	30
482	31
482	32
483	3
483	4
483	5
483	6
483	7
483	28
483	29
483	30
483	31
483	32
484	3
484	4
484	5
484	6
484	7
484	29
484	30
484	31
484	32
484	33
485	3
485	4
485	5
485	6
485	7
485	29
485	30
485	31
485	32
485	33
486	3
486	4
486	5
486	6
486	7
486	29
486	30
486	31
486	32
486	33
487	4
487	5
487	6
487	7
487	8
487	29
487	30
487	31
487	32
487	33
488	4
488	5
488	6
488	7
488	8
488	29
488	30
488	31
488	32
488	33
489	4
489	5
489	6
489	7
489	8
489	9
489	29
489	30
489	31
489	32
489	33
489	34
490	5
490	6
490	7
490	8
490	9
490	31
490	32
490	33
490	34
490	35
491	5
491	6
491	7
491	8
491	9
491	31
491	32
491	33
491	34
491	35
492	5
492	6
492	7
492	8
492	9
492	31
492	32
492	33
492	34
492	35
493	6
493	7
493	8
493	9
493	10
493	31
493	32
493	33
493	34
493	35
494	6
494	7
494	8
494	9
494	10
494	31
494	32
494	33
494	34
494	35
495	6
495	7
495	8
495	9
495	10
495	31
495	32
495	33
495	34
495	35
496	6
496	7
496	8
496	9
496	10
496	11
496	31
496	32
496	33
496	34
496	35
497	7
497	8
497	9
497	10
497	11
497	31
497	32
497	33
497	34
497	35
498	7
498	8
498	9
498	10
498	11
498	32
498	33
498	34
498	35
498	36
499	7
499	8
499	9
499	10
499	11
499	32
499	33
499	34
499	35
499	36
499	37
500	7
500	8
500	9
500	10
500	11
500	33
500	34
500	35
500	36
500	37
501	7
501	8
501	9
501	10
501	11
501	34
501	35
501	36
501	37
501	38
502	8
502	9
502	10
502	11
502	12
502	34
502	35
502	36
502	37
502	38
503	8
503	9
503	10
503	11
503	12
503	34
503	35
503	36
503	37
503	38
504	9
504	10
504	11
504	12
504	13
504	35
504	36
504	37
504	38
504	39
505	9
505	10
505	11
505	12
505	13
505	35
505	36
505	37
505	38
505	39
506	9
506	10
506	11
506	12
506	13
506	36
506	37
506	38
506	39
506	40
507	9
507	10
507	11
507	12
507	13
507	36
507	37
507	38
507	39
507	40
508	9
508	10
508	11
508	12
508	13
508	36
508	37
508	38
508	39
508	40
509	9
509	10
509	11
509	12
509	13
509	36
509	37
509	38
509	39
509	40
510	9
510	10
510	11
510	12
510	13
510	36
510	37
510	38
510	39
510	40
511	9
511	10
511	11
511	12
511	13
511	14
511	36
511	37
511	38
511	39
511	40
512	10
512	11
512	12
512	13
512	14
512	36
512	37
512	38
512	39
512	40
513	10
513	11
513	12
513	13
513	14
513	36
513	37
513	38
513	39
513	40
513	41
514	10
514	11
514	12
514	13
514	14
514	37
514	38
514	39
514	40
514	41
514	42
515	10
515	11
515	12
515	13
515	14
515	38
515	39
515	40
515	41
515	42
516	10
516	11
516	12
516	13
516	14
517	10
517	11
517	12
517	13
517	14
517	39
517	40
517	41
517	42
517	43
518	10
518	11
518	12
518	13
518	14
518	40
518	41
518	42
518	43
518	44
519	10
519	11
519	12
519	13
519	14
519	40
519	41
519	42
519	43
519	44
520	10
520	11
520	12
520	13
520	14
520	15
520	40
520	41
520	42
520	43
520	44
521	11
521	12
521	13
521	14
521	15
521	16
521	41
521	42
521	43
521	44
521	45
522	12
522	13
522	14
522	15
522	16
522	41
522	42
522	43
522	44
522	45
523	12
523	13
523	14
523	15
523	16
523	41
523	42
523	43
523	44
523	45
524	13
524	14
524	15
524	16
524	17
524	41
524	42
524	43
524	44
524	45
525	13
525	14
525	15
525	16
525	17
525	18
525	41
525	42
525	43
525	44
525	45
526	14
526	15
526	16
526	17
526	18
526	41
526	42
526	43
526	44
526	45
527	14
527	15
527	16
527	17
527	18
527	19
527	42
527	43
527	44
527	45
527	46
528	15
528	16
528	17
528	18
528	19
528	43
528	44
528	45
528	46
528	47
529	15
529	16
529	17
529	18
529	19
529	43
529	44
529	45
529	46
529	47
530	15
530	16
530	17
530	18
530	19
530	43
530	44
530	45
530	46
530	47
531	15
531	16
531	17
531	18
531	19
531	20
531	43
531	44
531	45
531	46
531	47
532	16
532	17
532	18
532	19
532	20
532	43
532	44
532	45
532	46
532	47
533	16
533	17
533	18
533	19
533	20
533	43
533	44
533	45
533	46
533	47
534	16
534	17
534	18
534	19
534	20
534	44
534	45
534	46
534	47
534	48
535	16
535	17
535	18
535	19
535	20
535	44
535	45
535	46
535	47
535	48
536	16
536	17
536	18
536	19
536	20
536	44
536	45
536	46
536	47
536	48
536	49
537	16
537	17
537	18
537	19
537	20
537	45
537	46
537	47
537	48
537	49
538	17
538	18
538	19
538	20
538	21
538	45
538	46
538	47
538	48
538	49
539	17
539	18
539	19
539	20
539	21
539	46
539	47
539	48
539	49
539	50
540	18
540	19
540	20
540	21
540	22
540	23
540	46
540	47
540	48
540	49
540	50
540	51
541	19
541	20
541	21
541	22
541	23
541	24
541	47
541	48
541	49
541	50
541	51
542	20
542	21
542	22
542	23
542	24
542	47
542	48
542	49
542	50
542	51
543	21
543	22
543	23
543	24
543	25
543	47
543	48
543	49
543	50
543	51
544	21
544	22
544	23
544	24
544	25
544	48
544	49
544	50
544	51
544	52
545	21
545	22
545	23
545	24
545	25
545	48
545	49
545	50
545	51
545	52
546	22
546	23
546	24
546	25
546	26
546	48
546	49
546	50
546	51
546	52
547	23
547	24
547	25
547	26
547	27
547	48
547	49
547	50
547	51
547	52
548	23
548	24
548	25
548	26
548	27
548	48
548	49
548	50
548	51
548	52
549	23
549	24
549	25
549	26
549	27
549	28
549	48
549	49
549	50
549	51
549	52
550	48
550	49
550	50
550	51
550	52
551	24
551	25
551	26
551	27
551	28
551	48
551	49
551	50
551	51
551	52
552	24
552	25
552	26
552	27
552	28
552	49
552	50
552	51
552	52
552	53
553	24
553	25
553	26
553	27
553	28
553	49
553	50
553	51
553	52
553	53
554	24
554	25
554	26
554	27
554	28
554	49
554	50
554	51
554	52
554	53
555	25
555	26
555	27
555	28
555	29
555	49
555	50
555	51
555	52
555	53
556	25
556	26
556	27
556	28
556	29
556	49
556	50
556	51
556	52
556	53
557	25
557	26
557	27
557	28
557	29
557	49
557	50
557	51
557	52
557	53
557	54
558	25
558	26
558	27
558	28
558	29
558	50
558	51
558	52
558	53
558	54
559	25
559	26
559	27
559	28
559	29
559	51
559	52
559	53
559	54
559	55
560	25
560	26
560	27
560	28
560	29
560	51
560	52
560	53
560	54
560	55
561	25
561	26
561	27
561	28
561	29
561	51
561	52
561	53
561	54
561	55
561	56
562	52
562	53
562	54
562	55
562	56
562	57
563	26
563	27
563	28
563	29
563	30
563	53
563	54
563	55
563	56
563	57
564	27
564	28
564	29
564	30
564	31
564	53
564	54
564	55
564	56
564	57
565	27
565	28
565	29
565	30
565	31
565	53
565	54
565	55
565	56
565	57
566	27
566	28
566	29
566	30
566	31
566	53
566	54
566	55
566	56
566	57
567	27
567	28
567	29
567	30
567	31
567	54
567	55
567	56
567	57
567	58
568	27
568	28
568	29
568	30
568	31
568	55
568	56
568	57
568	58
568	59
569	27
569	28
569	29
569	30
569	31
569	55
569	56
569	57
569	58
569	59
570	27
570	28
570	29
570	30
570	31
570	32
570	55
570	56
570	57
570	58
570	59
571	28
571	29
571	30
571	31
571	32
571	55
571	56
571	57
571	58
571	59
572	28
572	29
572	30
572	31
572	32
572	55
572	56
572	57
572	58
572	59
573	28
573	29
573	30
573	31
573	32
573	56
573	57
573	58
573	59
573	60
574	28
574	29
574	30
574	31
574	32
574	56
574	57
574	58
574	59
574	60
575	28
575	29
575	30
575	31
575	32
575	56
575	57
575	58
575	59
575	60
576	28
576	29
576	30
576	31
576	32
576	57
576	58
576	59
576	60
576	61
577	28
577	29
577	30
577	31
577	32
577	57
577	58
577	59
577	60
577	61
577	62
578	28
578	29
578	30
578	31
578	32
578	58
578	59
578	60
578	61
578	62
579	28
579	29
579	30
579	31
579	32
579	58
579	59
579	60
579	61
579	62
580	29
580	30
580	31
580	32
580	33
580	59
580	60
580	61
580	62
580	63
581	29
581	30
581	31
581	32
581	33
581	59
581	60
581	61
581	62
581	63
582	29
582	30
582	31
582	32
582	33
582	59
582	60
582	61
582	62
582	63
583	29
583	30
583	31
583	32
583	33
583	59
583	60
583	61
583	62
583	63
584	29
584	30
584	31
584	32
584	33
584	59
584	60
584	61
584	62
584	63
585	29
585	30
585	31
585	32
585	33
585	34
585	59
585	60
585	61
585	62
585	63
586	30
586	31
586	32
586	33
586	34
586	59
586	60
586	61
586	62
586	63
587	30
587	31
587	32
587	33
587	34
587	59
587	60
587	61
587	62
587	63
588	31
588	32
588	33
588	34
588	35
588	59
588	60
588	61
588	62
588	63
588	64
589	31
589	32
589	33
589	34
589	35
589	60
589	61
589	62
589	63
589	64
589	65
590	32
590	33
590	34
590	35
590	36
590	61
590	62
590	63
590	64
590	65
591	33
591	34
591	35
591	36
591	37
591	61
591	62
591	63
591	64
591	65
592	34
592	35
592	36
592	37
592	38
592	39
592	62
592	63
592	64
592	65
592	66
593	35
593	36
593	37
593	38
593	39
593	62
593	63
593	64
593	65
593	66
594	35
594	36
594	37
594	38
594	39
594	62
594	63
594	64
594	65
594	66
595	35
595	36
595	37
595	38
595	39
595	62
595	63
595	64
595	65
595	66
596	36
596	37
596	38
596	39
596	40
596	62
596	63
596	64
596	65
596	66
597	36
597	37
597	38
597	39
597	40
597	62
597	63
597	64
597	65
597	66
598	36
598	37
598	38
598	39
598	40
598	62
598	63
598	64
598	65
598	66
599	36
599	37
599	38
599	39
599	40
599	62
599	63
599	64
599	65
599	66
600	36
600	37
600	38
600	39
600	40
600	63
600	64
600	65
600	66
600	67
601	36
601	37
601	38
601	39
601	40
601	63
601	64
601	65
601	66
601	67
602	36
602	37
602	38
602	39
602	40
602	64
602	65
602	66
602	67
602	68
603	36
603	37
603	38
603	39
603	40
603	64
603	65
603	66
603	67
603	68
604	37
604	38
604	39
604	40
604	41
604	42
604	65
604	66
604	67
604	68
604	69
605	65
605	66
605	67
605	68
605	69
606	38
606	39
606	40
606	41
606	42
606	65
606	66
606	67
606	68
606	69
607	38
607	39
607	40
607	41
607	42
607	66
607	67
607	68
607	69
607	70
608	39
608	40
608	41
608	42
608	43
608	66
608	67
608	68
608	69
608	70
608	71
609	39
609	40
609	41
609	42
609	43
609	67
609	68
609	69
609	70
609	71
610	40
610	41
610	42
610	43
610	44
610	67
610	68
610	69
610	70
610	71
611	40
611	41
611	42
611	43
611	44
611	67
611	68
611	69
611	70
611	71
612	40
612	41
612	42
612	43
612	44
612	67
612	68
612	69
612	70
612	71
613	40
613	41
613	42
613	43
613	44
613	67
613	68
613	69
613	70
613	71
614	40
614	41
614	42
614	43
614	44
614	67
614	68
614	69
614	70
614	71
615	40
615	41
615	42
615	43
615	44
615	67
615	68
615	69
615	70
615	71
616	40
616	41
616	42
616	43
616	44
616	67
616	68
616	69
616	70
616	71
616	72
617	40
617	41
617	42
617	43
617	44
617	68
617	69
617	70
617	71
617	72
618	40
618	41
618	42
618	43
618	44
618	45
618	68
618	69
618	70
618	71
618	72
619	42
619	43
619	44
619	45
619	46
619	68
619	69
619	70
619	71
619	72
619	73
620	42
620	43
620	44
620	45
620	46
620	69
620	70
620	71
620	72
620	73
621	42
621	43
621	44
621	45
621	46
621	70
621	71
621	72
621	73
621	74
622	42
622	43
622	44
622	45
622	46
622	71
622	72
622	73
622	74
622	75
623	42
623	43
623	44
623	45
623	46
623	71
623	72
623	73
623	74
623	75
623	76
624	42
624	43
624	44
624	45
624	46
624	72
624	73
624	74
624	75
624	76
625	42
625	43
625	44
625	45
625	46
625	47
625	72
625	73
625	74
625	75
625	76
626	43
626	44
626	45
626	46
626	47
626	72
626	73
626	74
626	75
626	76
627	43
627	44
627	45
627	46
627	47
627	72
627	73
627	74
627	75
627	76
628	44
628	45
628	46
628	47
628	48
628	49
628	50
628	72
628	73
628	74
628	75
628	76
629	47
629	48
629	49
629	50
629	51
629	72
629	73
629	74
629	75
629	76
630	47
630	48
630	49
630	50
630	51
630	72
630	73
630	74
630	75
630	76
631	47
631	48
631	49
631	50
631	51
631	72
631	73
631	74
631	75
631	76
632	47
632	48
632	49
632	50
632	51
632	72
632	73
632	74
632	75
632	76
633	47
633	48
633	49
633	50
633	51
633	72
633	73
633	74
633	75
633	76
634	47
634	48
634	49
634	50
634	51
634	72
634	73
634	74
634	75
634	76
634	77
635	47
635	48
635	49
635	50
635	51
635	73
635	74
635	75
635	76
635	77
636	47
636	48
636	49
636	50
636	51
636	74
636	75
636	76
636	77
636	78
637	47
637	48
637	49
637	50
637	51
637	75
637	76
637	77
637	78
637	79
637	80
