19	314
19	315
19	316
19	317
19	318
19	319
20	313
20	314
20	315
20	316
20	317
20	318
20	319
21	313
21	314
21	315
21	316
21	317
21	318
21	319
22	313
22	314
22	315
22	316
22	317
22	318
22	319
23	313
23	314
23	315
23	316
23	317
23	318
23	319
24	313
24	314
24	315
24	316
24	317
24	318
24	319
25	1
25	2
25	313
25	314
25	315
25	316
25	317
25	318
25	319
26	1
26	2
26	3
26	313
26	314
26	315
26	316
26	317
26	318
26	319
27	1
27	2
27	3
27	4
27	313
27	314
27	315
27	316
27	317
27	318
27	319
28	1
28	2
28	3
28	4
28	313
28	314
28	315
28	316
28	317
28	318
28	319
29	1
29	2
29	3
29	4
29	313
29	314
29	315
29	316
29	317
29	318
29	319
30	1
30	2
30	3
30	4
30	313
30	314
30	315
30	316
30	317
30	318
30	319
31	1
31	2
31	3
31	4
31	313
31	314
31	315
31	316
31	317
31	318
31	319
32	1
32	2
32	3
32	4
32	313
32	314
32	315
32	316
32	317
32	318
32	319
33	1
33	2
33	3
33	313
33	314
33	315
33	316
33	317
33	318
33	319
34	1
34	2
34	313
34	314
34	315
34	316
34	317
34	318
34	319
35	1
35	2
35	313
35	314
35	315
35	316
35	317
35	318
35	319
36	1
36	2
36	313
36	314
36	315
36	316
36	317
36	318
36	319
37	1
37	2
37	313
37	314
37	315
37	316
37	317
37	318
37	319
38	1
38	2
38	309
38	310
38	311
38	312
38	313
38	314
38	315
38	316
38	317
38	318
38	319
39	1
39	2
39	3
39	309
39	310
39	311
39	312
39	313
39	314
39	315
39	316
39	317
39	318
39	319
40	1
40	2
40	3
40	309
40	310
40	311
40	312
40	313
40	314
40	315
40	316
40	317
40	318
40	319
41	1
41	2
41	3
41	4
41	309
41	310
41	311
41	312
41	313
41	314
41	315
41	316
41	317
41	318
41	319
42	1
42	2
42	3
42	4
42	309
42	310
42	311
42	312
42	313
42	314
42	315
42	316
42	317
42	318
42	319
43	1
43	2
43	3
43	4
43	309
43	310
43	311
43	312
43	313
43	314
43	315
43	316
43	317
43	318
43	319
44	1
44	2
44	3
44	4
44	309
44	310
44	311
44	312
44	313
44	314
44	315
44	316
44	317
44	318
44	319
45	1
45	2
45	3
45	4
45	308
45	309
45	310
45	311
45	312
45	313
45	314
45	315
45	316
45	317
45	318
45	319
46	1
46	2
46	3
46	4
46	308
46	309
46	310
46	311
46	312
46	313
46	314
46	315
46	316
46	317
46	318
46	319
47	1
47	2
47	3
47	4
47	308
47	309
47	310
47	311
47	312
47	313
47	314
47	315
47	316
47	317
47	318
47	319
48	1
48	2
48	3
48	4
48	309
48	310
48	311
48	312
48	313
48	314
48	315
48	316
48	317
48	318
48	319
49	1
49	2
49	3
49	4
49	307
49	308
49	309
49	310
49	311
49	312
49	313
49	314
49	315
49	316
49	317
49	318
49	319
50	1
50	2
50	3
50	4
50	307
50	308
50	309
50	310
50	311
50	312
50	313
50	314
50	315
50	316
50	317
50	318
50	319
51	1
51	2
51	3
51	4
51	308
51	309
51	310
51	311
51	312
51	313
51	314
51	315
51	316
51	317
51	318
51	319
52	1
52	2
52	3
52	4
52	306
52	307
52	308
52	309
52	310
52	311
52	312
52	313
52	314
52	315
52	316
52	317
52	318
52	319
53	1
53	2
53	3
53	4
53	306
53	307
53	308
53	309
53	310
53	311
53	312
53	313
53	314
53	315
53	316
53	317
53	318
53	319
54	1
54	2
54	3
54	4
54	306
54	307
54	308
54	309
54	310
54	311
54	312
54	313
54	314
54	315
54	316
54	317
54	318
54	319
55	1
55	2
55	3
55	4
55	306
55	307
55	308
55	309
55	310
55	311
55	312
55	313
55	314
55	315
55	316
55	317
55	318
55	319
56	1
56	2
56	3
56	4
56	306
56	307
56	308
56	309
56	310
56	311
56	312
56	313
56	314
56	315
56	316
56	317
56	318
56	319
57	1
57	2
57	3
57	4
57	5
57	307
57	308
57	309
57	310
57	311
57	312
57	313
57	314
57	315
57	316
57	317
57	318
57	319
58	1
58	2
58	3
58	4
58	5
58	305
58	306
58	307
58	308
58	309
58	310
58	311
58	312
58	313
58	314
58	315
58	316
58	317
58	318
58	319
59	1
59	2
59	3
59	4
59	5
59	6
59	304
59	305
59	306
59	307
59	308
59	309
59	310
59	311
59	312
59	313
59	314
59	315
59	316
59	317
59	318
59	319
60	2
60	3
60	4
60	5
60	6
60	304
60	305
60	306
60	307
60	308
60	309
60	310
60	311
60	312
60	313
60	314
60	315
60	316
60	317
60	318
60	319
61	2
61	3
61	4
61	5
61	6
61	304
61	305
61	306
61	307
61	308
61	309
61	310
61	311
61	312
61	313
61	314
61	315
61	316
61	317
61	318
61	319
62	3
62	4
62	5
62	6
62	7
62	304
62	305
62	306
62	307
62	308
62	309
62	310
62	311
62	312
62	313
62	314
62	315
62	316
62	317
62	318
62	319
63	3
63	4
63	5
63	6
63	7
63	303
63	304
63	305
63	306
63	307
63	308
63	309
63	310
63	311
63	312
63	313
63	314
63	315
63	316
63	317
63	318
63	319
64	3
64	4
64	5
64	6
64	7
64	303
64	304
64	305
64	306
64	307
64	308
64	309
64	310
64	311
64	312
64	313
64	314
64	315
64	316
64	317
64	318
64	319
65	3
65	4
65	5
65	6
65	7
65	303
65	304
65	305
65	306
65	307
65	308
65	309
65	310
65	311
65	312
65	313
65	314
65	315
65	316
65	317
65	318
65	319
66	3
66	4
66	5
66	6
66	7
66	303
66	304
66	305
66	306
66	307
66	308
66	309
66	310
66	311
66	312
66	313
66	314
66	315
66	316
66	317
66	318
66	319
67	303
67	304
67	305
67	306
67	307
67	308
67	309
67	310
67	311
67	312
67	313
67	314
67	315
67	316
67	317
67	318
67	319
68	3
68	4
68	5
68	6
68	7
68	306
68	307
68	308
68	309
68	310
68	311
68	312
68	313
68	314
68	315
68	316
68	317
68	318
68	319
69	3
69	4
69	5
69	6
69	7
69	306
69	307
69	308
69	309
69	310
69	311
69	312
69	313
69	314
69	315
69	316
69	317
69	318
69	319
70	3
70	4
70	5
70	6
70	7
70	305
70	306
70	307
70	308
70	309
70	310
70	311
70	312
70	313
70	314
70	315
70	316
70	317
70	318
70	319
71	3
71	4
71	5
71	6
71	7
71	305
71	306
71	307
71	308
71	309
71	310
71	311
71	312
71	313
71	314
71	315
71	316
71	317
71	318
71	319
72	3
72	4
72	5
72	6
72	7
72	305
72	306
72	307
72	308
72	309
72	310
72	311
72	312
72	313
72	314
72	315
72	316
72	317
72	318
72	319
73	3
73	4
73	5
73	6
73	7
73	305
73	306
73	307
73	308
73	309
73	310
73	311
73	312
73	313
73	314
73	315
73	316
73	317
73	318
73	319
74	3
74	4
74	5
74	6
74	7
74	305
74	306
74	307
74	308
74	309
74	310
74	311
74	312
74	313
74	314
74	315
74	316
74	317
74	318
74	319
75	3
75	4
75	5
75	6
75	7
75	305
75	306
75	307
75	308
75	309
75	310
75	311
75	312
75	313
75	314
75	315
75	316
75	317
75	318
76	3
76	4
76	5
76	6
76	7
76	305
76	306
76	307
76	308
76	309
76	310
76	311
76	312
76	313
76	314
76	315
76	316
76	317
77	3
77	4
77	5
77	6
77	7
77	305
77	306
77	307
77	308
77	309
77	310
77	311
77	312
77	313
77	314
77	315
77	316
78	3
78	4
78	5
78	6
78	7
78	305
78	306
78	307
78	308
78	309
78	310
78	311
78	312
78	313
78	314
78	315
79	304
79	305
79	306
79	307
79	308
79	309
79	310
79	311
79	312
79	313
79	314
79	315
80	2
80	3
80	4
80	5
80	6
80	304
80	305
80	306
80	307
80	308
80	309
80	310
80	311
80	312
80	313
80	314
81	2
81	3
81	4
81	5
81	6
81	303
81	304
81	305
81	306
81	307
81	308
81	309
81	310
81	311
81	312
81	313
82	2
82	3
82	4
82	5
82	6
82	302
82	303
82	304
82	305
82	306
82	307
82	308
82	309
82	310
82	311
82	312
83	2
83	3
83	4
83	5
83	6
84	2
84	3
84	4
84	5
84	6
84	301
84	302
84	303
84	304
84	305
84	306
84	307
84	308
84	309
84	310
84	311
85	2
85	3
85	4
85	5
85	6
85	300
85	301
85	302
85	303
85	304
85	305
85	306
85	307
85	308
85	309
85	310
85	311
85	312
86	2
86	3
86	4
86	5
86	6
86	301
86	302
86	303
86	304
86	305
86	306
86	307
86	308
86	309
86	310
86	311
86	312
87	2
87	3
87	4
87	5
87	6
87	299
87	300
87	301
87	302
87	303
87	304
87	305
87	306
87	307
87	308
87	309
87	310
87	311
87	312
88	2
88	3
88	4
88	5
88	6
88	299
88	300
88	301
88	302
88	303
88	304
88	305
88	306
88	307
88	308
88	309
88	310
88	311
88	312
89	2
89	3
89	4
89	5
89	6
89	299
89	300
89	301
89	302
89	303
89	304
89	305
89	306
89	307
89	308
89	309
89	310
89	311
89	312
90	2
90	3
90	4
90	5
90	6
90	299
90	300
90	301
90	302
90	303
90	304
90	305
90	306
90	307
90	308
90	309
90	310
90	311
90	312
91	2
91	3
91	4
91	5
91	6
91	298
91	299
91	300
91	301
91	302
91	303
91	304
91	305
91	306
91	307
91	308
91	309
91	310
91	311
92	2
92	3
92	4
92	5
92	6
92	299
92	300
92	301
92	302
92	303
92	304
92	305
92	306
92	307
92	308
92	309
92	310
92	311
93	2
93	3
93	4
93	5
93	6
93	297
93	298
93	299
93	300
93	301
93	302
93	303
93	304
93	305
93	306
93	307
93	308
93	309
93	310
93	311
94	2
94	3
94	4
94	5
94	6
94	297
94	298
94	299
94	300
94	301
94	302
94	303
94	304
94	305
94	306
94	307
94	308
94	309
94	310
94	311
95	2
95	3
95	4
95	5
95	6
95	297
95	298
95	299
95	300
95	301
95	302
95	303
95	304
95	305
95	306
95	307
95	308
95	309
95	310
96	3
96	4
96	5
96	6
96	7
96	297
96	298
96	299
96	300
96	301
96	302
96	303
96	304
96	305
96	306
96	307
96	308
96	309
96	310
97	3
97	4
97	5
97	6
97	7
97	297
97	298
97	299
97	300
97	301
97	302
97	303
97	304
97	305
97	306
97	307
97	308
97	309
97	310
98	4
98	5
98	6
98	7
98	8
98	297
98	298
98	299
98	300
98	301
98	302
98	303
98	304
98	305
98	306
98	307
98	308
98	309
99	4
99	5
99	6
99	7
99	8
99	299
99	300
99	301
99	302
99	303
99	304
99	305
99	306
99	307
99	308
99	309
100	4
100	5
100	6
100	7
100	8
100	297
100	298
100	299
100	300
100	301
100	302
100	303
100	304
100	305
100	306
100	307
100	308
100	309
101	5
101	6
101	7
101	8
101	9
101	299
101	300
101	301
101	302
101	303
101	304
101	305
101	306
101	307
101	308
101	309
102	5
102	6
102	7
102	8
102	9
102	299
102	300
102	301
102	302
102	303
102	304
102	305
102	306
102	307
102	308
102	309
103	5
103	6
103	7
103	8
103	9
103	299
103	300
103	301
103	302
103	303
103	304
103	305
103	306
103	307
103	308
103	309
104	5
104	6
104	7
104	8
104	9
104	297
104	298
104	299
104	300
104	301
104	302
104	303
104	304
104	305
104	306
104	307
104	308
105	5
105	6
105	7
105	8
105	9
105	297
105	298
105	299
105	300
105	301
105	302
105	303
105	304
105	305
105	306
105	307
106	5
106	6
106	7
106	8
106	9
106	297
106	298
106	299
106	300
106	301
106	302
106	303
106	304
106	305
106	306
106	307
106	308
106	309
107	5
107	6
107	7
107	8
107	9
107	295
107	296
107	297
107	298
107	299
107	300
107	301
107	302
107	303
107	304
107	305
107	306
107	307
107	308
107	309
108	5
108	6
108	7
108	8
108	9
108	295
108	296
108	297
108	298
108	299
108	300
108	301
108	302
108	303
108	304
108	305
108	306
108	307
108	308
108	309
109	5
109	6
109	7
109	8
109	9
109	294
109	295
109	296
109	297
109	298
109	299
109	300
109	301
109	302
109	303
109	304
109	305
109	306
109	307
109	308
109	309
110	5
110	6
110	7
110	8
110	9
110	293
110	294
110	295
110	296
110	297
110	298
110	299
110	300
110	301
110	302
110	303
110	304
110	305
110	306
110	307
110	308
110	309
111	5
111	6
111	7
111	8
111	9
111	293
111	294
111	295
111	296
111	297
111	298
111	299
111	300
111	301
111	302
111	303
111	304
111	305
111	306
111	307
111	308
111	309
112	5
112	6
112	7
112	8
112	9
112	295
112	296
112	297
112	298
112	299
112	300
112	301
112	302
112	303
112	304
112	305
112	306
112	307
112	308
112	309
113	5
113	6
113	7
113	8
113	9
113	292
113	293
113	294
113	295
113	296
113	297
113	298
113	299
113	300
113	301
113	302
113	303
113	304
113	305
113	306
113	307
113	308
113	309
114	5
114	6
114	7
114	8
114	9
114	292
114	293
114	294
114	295
114	296
114	297
114	298
114	299
114	300
114	301
114	302
114	303
114	304
114	305
114	306
114	307
114	308
114	309
115	5
115	6
115	7
115	8
115	9
115	291
115	292
115	293
115	294
115	295
115	296
115	297
115	298
115	299
115	300
115	301
115	302
115	303
115	304
115	305
115	306
115	307
115	308
115	309
116	5
116	6
116	7
116	8
116	9
116	291
116	292
116	293
116	294
116	295
116	296
116	297
116	298
116	299
116	300
116	301
116	302
116	303
116	304
116	305
116	306
116	307
116	308
116	309
117	5
117	6
117	7
117	8
117	9
117	291
117	292
117	293
117	294
117	295
117	296
117	297
117	298
117	299
117	300
117	301
117	302
117	303
117	304
117	305
117	306
117	307
117	308
117	309
118	5
118	6
118	7
118	8
118	9
118	290
118	291
118	292
118	293
118	294
118	295
118	296
118	297
118	298
118	299
118	300
118	301
118	302
118	303
118	304
118	305
118	306
118	307
118	308
118	309
119	5
119	6
119	7
119	8
119	9
119	289
119	290
119	291
119	292
119	293
119	294
119	295
119	296
119	297
119	298
119	299
119	300
119	301
119	302
119	303
119	304
119	305
119	306
119	307
119	308
119	309
120	5
120	6
120	7
120	8
120	9
120	289
120	290
120	291
120	292
120	293
120	294
120	295
120	296
120	297
120	298
120	299
120	300
120	301
120	302
120	303
120	304
120	305
120	306
120	307
120	308
120	309
121	5
121	6
121	7
121	8
121	9
121	289
121	290
121	291
121	292
121	293
121	294
121	295
121	296
121	297
121	298
121	299
121	300
121	301
121	302
121	303
121	304
121	305
121	306
121	307
121	308
121	309
122	5
122	6
122	7
122	8
122	9
122	289
122	290
122	291
122	292
122	293
122	294
122	295
122	296
122	297
122	298
122	299
122	300
122	301
122	302
122	303
122	304
122	305
123	5
123	6
123	7
123	8
123	9
123	10
123	288
123	289
123	290
123	291
123	292
123	293
123	294
123	295
123	296
123	297
123	298
123	299
123	300
123	301
123	302
123	303
123	304
123	305
123	306
123	307
123	308
123	309
124	6
124	7
124	8
124	9
124	10
124	287
124	288
124	289
124	290
124	291
124	292
124	293
124	294
124	295
124	296
124	297
124	298
124	299
124	300
124	301
125	6
125	7
125	8
125	9
125	10
125	287
125	288
125	289
125	290
125	291
125	292
125	293
125	294
125	295
125	296
125	297
125	298
125	299
125	300
125	301
125	302
125	303
125	304
125	305
125	306
125	307
125	308
126	6
126	7
126	8
126	9
126	10
126	290
126	291
126	292
126	293
126	294
126	295
126	296
126	297
126	298
126	299
126	300
126	301
126	302
126	303
126	304
126	305
126	306
126	307
126	308
127	6
127	7
127	8
127	9
127	10
127	287
127	288
127	289
127	290
127	291
127	292
127	293
127	294
127	295
127	296
127	297
127	298
127	299
127	300
127	301
127	302
127	303
127	304
127	305
127	306
127	307
128	6
128	7
128	8
128	9
128	10
128	286
128	287
128	288
128	289
128	290
128	291
128	292
128	293
128	294
128	295
128	296
128	297
128	298
128	299
128	300
128	301
128	302
128	303
128	304
128	305
128	306
128	307
129	6
129	7
129	8
129	9
129	10
129	290
129	291
129	292
129	293
129	294
129	295
129	296
129	297
129	298
129	299
129	300
129	301
129	302
129	303
129	304
129	305
129	306
129	307
130	6
130	7
130	8
130	9
130	10
130	286
130	287
130	288
130	289
130	290
130	291
130	292
130	293
130	294
130	295
130	296
130	297
130	298
130	299
130	300
131	6
131	7
131	8
131	9
131	10
131	285
131	286
131	287
131	288
131	289
131	290
131	291
131	292
131	293
131	294
131	295
131	296
131	297
131	298
131	299
131	300
131	301
131	302
131	303
131	304
131	305
131	306
132	6
132	7
132	8
132	9
132	10
132	285
132	286
132	287
132	288
132	289
132	290
132	291
132	292
132	293
132	294
132	295
132	296
132	297
132	298
132	299
132	300
132	301
132	302
132	303
132	304
132	305
133	6
133	7
133	8
133	9
133	10
133	284
133	285
133	286
133	287
133	288
133	289
133	290
133	291
133	292
133	293
133	294
133	295
133	296
133	297
133	298
133	299
133	300
133	301
133	302
133	303
133	304
133	305
134	6
134	7
134	8
134	9
134	10
134	284
134	285
134	286
134	287
134	288
134	289
134	290
134	291
134	292
134	293
134	294
134	295
134	296
134	297
134	298
134	299
134	300
134	301
134	302
134	303
134	304
134	305
135	6
135	7
135	8
135	9
135	10
135	284
135	285
135	286
135	287
135	288
135	289
135	290
135	291
135	292
135	293
135	294
135	295
135	296
135	297
135	298
135	299
135	300
135	301
135	302
135	303
135	304
135	305
136	6
136	7
136	8
136	9
136	10
136	284
136	285
136	286
136	287
136	288
136	289
136	290
136	291
136	292
136	293
136	294
136	295
136	296
136	297
136	298
136	299
136	300
136	301
136	302
136	303
136	304
136	305
137	6
137	7
137	8
137	9
137	10
137	284
137	285
137	286
137	287
137	288
137	289
137	290
137	291
137	292
137	293
137	294
137	295
137	296
137	297
137	298
137	299
137	300
137	301
137	302
137	303
137	304
137	305
138	6
138	7
138	8
138	9
138	10
138	284
138	285
138	286
138	287
138	288
138	289
138	290
138	291
138	292
138	293
138	294
138	295
138	296
138	297
138	298
138	299
138	300
138	301
138	302
138	303
138	304
138	305
139	6
139	7
139	8
139	9
139	10
139	284
139	285
139	286
139	287
139	288
139	289
139	290
139	291
139	292
139	293
139	294
139	295
139	296
139	297
139	298
139	299
139	300
139	301
139	302
139	303
139	304
140	6
140	7
140	8
140	9
140	10
140	285
140	286
140	287
140	288
140	289
140	290
140	291
140	292
140	293
140	294
140	295
140	296
140	297
140	298
140	299
140	300
140	301
140	302
140	303
141	7
141	8
141	9
141	10
141	11
141	286
141	287
141	288
141	289
141	290
141	291
141	292
141	293
141	294
141	295
141	296
141	297
141	298
142	7
142	8
142	9
142	10
142	11
142	286
142	287
142	288
142	289
142	290
142	291
142	292
142	293
142	294
142	295
142	296
142	297
142	298
142	299
142	300
142	301
142	302
142	303
143	7
143	8
143	9
143	10
143	11
143	293
143	294
143	295
143	296
143	297
143	298
143	299
143	300
143	301
143	302
143	303
144	7
144	8
144	9
144	10
144	11
144	293
144	294
144	295
144	296
144	297
144	298
144	299
144	300
144	301
144	302
144	303
145	7
145	8
145	9
145	10
145	11
145	12
145	293
145	294
145	295
145	296
145	297
145	298
145	299
145	300
145	301
145	302
145	303
146	8
146	9
146	10
146	11
146	12
146	293
146	294
146	295
146	296
146	297
146	298
146	299
146	300
146	301
146	302
146	303
147	8
147	9
147	10
147	11
147	12
147	293
147	294
147	295
147	296
147	297
147	298
147	299
147	300
147	301
147	302
147	303
148	8
148	9
148	10
148	11
148	12
148	293
148	294
148	295
148	296
148	297
148	298
148	299
148	300
148	301
148	302
148	303
149	8
149	9
149	10
149	11
149	12
149	292
149	293
149	294
149	295
149	296
149	297
149	298
149	299
149	300
149	301
149	302
150	8
150	9
150	10
150	11
150	12
150	292
150	293
150	294
150	295
150	296
150	297
150	298
150	299
150	300
150	301
150	302
151	8
151	9
151	10
151	11
151	12
151	292
151	293
151	294
151	295
151	296
151	297
151	298
151	299
151	300
151	301
151	302
152	8
152	9
152	10
152	11
152	12
152	292
152	293
152	294
152	295
152	296
152	297
152	298
152	299
152	300
152	301
152	302
153	8
153	9
153	10
153	11
153	12
153	292
153	293
153	294
153	295
153	296
153	297
153	298
153	299
153	300
153	301
153	302
154	8
154	9
154	10
154	11
154	12
154	13
154	292
154	293
154	294
154	295
154	296
154	297
154	298
154	299
154	300
154	301
154	302
155	9
155	10
155	11
155	12
155	13
155	292
155	293
155	294
155	295
155	296
155	297
155	298
155	299
155	300
155	301
155	302
156	9
156	10
156	11
156	12
156	13
156	292
156	293
156	294
156	295
156	296
156	297
156	298
156	299
156	300
156	301
156	302
157	9
157	10
157	11
157	12
157	13
157	292
157	293
157	294
157	295
157	296
157	297
157	298
157	299
157	300
157	301
157	302
158	9
158	10
158	11
158	12
158	13
158	292
158	293
158	294
158	295
158	296
158	297
158	298
158	299
158	300
158	301
158	302
159	9
159	10
159	11
159	12
159	13
159	292
159	293
159	294
159	295
159	296
159	297
159	298
159	299
159	300
159	301
159	302
160	9
160	10
160	11
160	12
160	13
160	292
160	293
160	294
160	295
160	296
160	297
160	298
160	299
160	300
160	301
160	302
161	9
161	10
161	11
161	12
161	13
161	292
161	293
161	294
161	295
161	296
161	297
161	298
161	299
161	300
161	301
161	302
162	9
162	10
162	11
162	12
162	13
162	292
162	293
162	294
162	295
162	296
162	297
162	298
162	299
162	300
162	301
162	302
163	9
163	10
163	11
163	12
163	13
163	292
163	293
163	294
163	295
163	296
163	297
163	298
163	299
163	300
163	301
163	302
164	9
164	10
164	11
164	12
164	13
164	288
164	289
164	290
164	291
164	292
164	293
164	294
164	295
164	296
164	297
164	298
164	299
164	300
164	301
164	302
165	9
165	10
165	11
165	12
165	13
165	288
165	289
165	290
165	291
165	292
165	293
165	294
165	295
165	296
165	297
165	298
165	299
165	300
165	301
165	302
166	9
166	10
166	11
166	12
166	13
166	287
166	288
166	289
166	290
166	291
166	292
166	293
166	294
166	295
166	296
166	297
166	298
166	299
166	300
166	301
166	302
167	9
167	10
167	11
167	12
167	13
167	286
167	287
167	288
167	289
167	290
167	291
167	292
167	293
167	294
167	295
167	296
167	297
167	298
167	299
167	300
167	301
167	302
168	9
168	10
168	11
168	12
168	13
168	286
168	287
168	288
168	289
168	290
168	291
168	292
168	293
168	294
168	295
168	296
168	297
168	298
168	299
168	300
168	301
168	302
169	9
169	10
169	11
169	12
169	13
169	286
169	287
169	288
169	289
169	290
169	291
169	292
169	293
169	294
169	295
169	296
169	297
169	298
169	299
169	300
169	301
169	302
170	9
170	10
170	11
170	12
170	13
170	286
170	287
170	288
170	289
170	290
170	291
170	292
170	293
170	294
170	295
170	296
170	297
170	298
170	299
170	300
170	301
170	302
171	9
171	10
171	11
171	12
171	13
171	285
171	286
171	287
171	288
171	289
171	290
171	291
171	292
171	293
171	294
171	295
171	296
171	297
171	298
171	299
171	300
171	301
171	302
172	9
172	10
172	11
172	12
172	13
172	285
172	286
172	287
172	288
172	289
172	290
172	291
172	292
172	293
172	294
172	295
172	296
172	297
172	298
172	299
172	300
172	301
172	302
173	9
173	10
173	11
173	12
173	13
173	284
173	285
173	286
173	287
173	288
173	289
173	290
173	291
173	292
173	293
173	294
173	295
173	296
173	297
173	298
173	299
173	300
173	301
173	302
174	9
174	10
174	11
174	12
174	13
174	284
174	285
174	286
174	287
174	288
174	289
174	290
174	291
174	292
174	293
174	294
174	295
174	296
174	297
174	298
174	299
174	300
174	301
174	302
175	9
175	10
175	11
175	12
175	13
175	286
175	287
175	288
175	289
175	290
175	291
175	292
175	293
175	294
175	295
175	296
175	297
175	298
175	299
175	300
175	301
175	302
176	10
176	11
176	12
176	13
176	14
176	284
176	285
176	286
176	287
176	288
176	289
176	290
176	291
176	292
176	293
176	294
176	295
176	296
176	297
176	298
176	299
176	300
176	301
176	302
177	10
177	11
177	12
177	13
177	14
177	284
177	285
177	286
177	287
177	288
177	289
177	290
177	291
177	292
177	293
177	294
177	295
177	296
177	297
177	298
177	299
177	300
177	301
177	302
178	10
178	11
178	12
178	13
178	14
178	284
178	285
178	286
178	287
178	288
178	289
178	290
178	291
178	292
178	293
178	294
178	295
178	296
178	297
178	298
178	299
178	300
178	301
178	302
179	10
179	11
179	12
179	13
179	14
179	284
179	285
179	286
179	287
179	288
179	289
179	290
179	291
179	292
179	293
179	294
179	295
179	296
179	297
179	298
179	299
179	300
179	301
179	302
180	10
180	11
180	12
180	13
180	14
180	284
180	285
180	286
180	287
180	288
180	289
180	290
180	291
180	292
180	293
180	294
180	295
180	296
181	11
181	12
181	13
181	14
181	15
181	284
181	285
181	286
181	287
181	288
181	289
181	290
181	291
181	292
181	293
181	294
181	295
181	296
182	11
182	12
182	13
182	14
182	15
182	284
182	285
182	286
182	287
182	288
182	289
182	290
182	291
182	292
182	293
182	294
182	295
182	296
183	12
183	13
183	14
183	15
183	16
183	284
183	285
183	286
183	287
183	288
183	289
183	290
183	291
183	292
183	293
183	294
183	295
183	296
184	12
184	13
184	14
184	15
184	16
184	284
184	285
184	286
184	287
184	288
184	289
184	290
184	291
184	292
184	293
184	294
184	295
184	296
185	13
185	14
185	15
185	16
185	17
185	284
185	285
185	286
185	287
185	288
185	289
185	290
185	291
185	292
185	293
185	294
185	295
185	296
186	13
186	14
186	15
186	16
186	17
186	284
186	285
186	286
186	287
186	288
186	289
186	290
186	291
186	292
186	293
186	294
187	13
187	14
187	15
187	16
187	17
187	284
187	285
187	286
187	287
187	288
187	289
187	290
187	291
187	292
187	293
187	294
188	13
188	14
188	15
188	16
188	17
188	284
188	285
188	286
188	287
188	288
188	289
188	290
188	291
188	292
188	293
188	294
189	13
189	14
189	15
189	16
189	17
189	284
189	285
189	286
189	287
189	288
189	289
189	290
189	291
189	292
189	293
189	294
190	13
190	14
190	15
190	16
190	17
190	284
190	285
190	286
190	287
190	288
190	289
190	290
190	291
190	292
190	293
190	294
191	13
191	14
191	15
191	16
191	17
191	284
191	285
191	286
191	287
191	288
191	289
191	290
191	291
191	292
191	293
191	294
192	13
192	14
192	15
192	16
192	17
192	284
192	285
192	286
192	287
192	288
192	289
192	290
192	291
192	292
192	293
192	294
193	13
193	14
193	15
193	16
193	17
193	284
193	285
193	286
193	287
193	288
193	289
193	290
193	291
193	292
193	293
193	294
194	13
194	14
194	15
194	16
194	17
194	284
194	285
194	286
194	287
194	288
194	289
194	290
194	291
194	292
194	293
194	294
195	13
195	14
195	15
195	16
195	17
195	284
195	285
195	286
195	287
195	288
195	289
195	290
195	291
195	292
195	293
195	294
196	13
196	14
196	15
196	16
196	17
196	284
196	285
196	286
196	287
196	288
196	289
196	290
196	291
196	292
196	293
196	294
197	13
197	14
197	15
197	16
197	17
197	285
197	286
197	287
197	288
197	289
197	290
197	291
197	292
197	293
197	294
197	295
198	13
198	14
198	15
198	16
198	17
198	285
198	286
198	287
198	288
198	289
198	290
198	291
198	292
198	293
198	294
198	295
199	13
199	14
199	15
199	16
199	17
199	18
199	285
199	286
199	287
199	288
199	289
199	290
199	291
199	292
199	293
199	294
199	295
200	14
200	15
200	16
200	17
200	18
200	285
200	286
200	287
200	288
200	289
200	290
200	291
200	292
200	293
200	294
200	295
201	14
201	15
201	16
201	17
201	18
201	285
201	286
201	287
201	288
201	289
201	290
201	291
201	292
201	293
201	294
201	295
202	14
202	15
202	16
202	17
202	18
202	285
202	286
202	287
202	288
202	289
202	290
202	291
202	292
202	293
202	294
202	295
203	14
203	15
203	16
203	17
203	18
203	284
203	285
203	286
203	287
203	288
203	289
203	290
203	291
203	292
203	293
203	294
203	295
203	296
203	297
203	298
203	299
204	14
204	15
204	16
204	17
204	18
204	284
204	285
204	286
204	287
204	288
204	289
204	290
204	291
204	292
204	293
204	294
204	295
204	296
204	297
204	298
205	14
205	15
205	16
205	17
205	18
205	284
205	285
205	286
205	287
205	288
205	289
205	290
205	291
205	292
205	293
205	294
205	295
205	296
205	297
205	298
205	299
206	14
206	15
206	16
206	17
206	18
206	284
206	285
206	286
206	287
206	288
206	289
206	290
206	291
206	292
206	293
206	294
206	295
206	296
206	297
206	298
206	299
206	300
207	14
207	15
207	16
207	17
207	18
207	284
207	285
207	286
207	287
207	288
207	289
207	290
207	291
207	292
207	293
207	294
207	295
207	296
207	297
207	298
207	299
207	300
208	14
208	15
208	16
208	17
208	18
208	284
208	285
208	286
208	287
208	288
208	289
208	290
208	291
208	292
208	293
208	294
208	295
208	296
208	297
208	298
208	299
208	300
209	14
209	15
209	16
209	17
209	18
209	284
209	285
209	286
209	287
209	288
209	289
209	290
209	291
209	292
209	293
209	294
209	295
209	296
209	297
209	298
209	299
209	300
210	14
210	15
210	16
210	17
210	18
210	284
210	285
210	286
210	287
210	288
210	289
210	290
210	291
210	292
210	293
210	294
210	295
210	296
210	297
210	298
210	299
210	300
211	15
211	16
211	17
211	18
211	19
211	287
211	288
211	289
211	290
211	291
211	292
211	293
211	294
211	295
211	296
211	297
211	298
211	299
211	300
212	15
212	16
212	17
212	18
212	19
212	284
212	285
212	286
212	287
212	288
212	289
212	290
212	291
212	292
212	293
212	294
212	295
212	296
212	297
212	298
212	299
212	300
212	301
213	15
213	16
213	17
213	18
213	19
213	284
213	285
213	286
213	287
213	288
213	289
213	290
213	291
213	292
213	293
213	294
213	295
213	296
213	297
213	298
213	299
213	300
213	301
214	15
214	16
214	17
214	18
214	19
214	284
214	285
214	286
214	287
214	288
214	289
214	290
214	291
214	292
214	293
214	294
214	295
214	296
214	297
214	298
214	299
214	300
214	301
215	15
215	16
215	17
215	18
215	19
215	284
215	285
215	286
215	287
215	288
215	289
215	290
215	291
215	292
215	293
215	294
215	295
215	296
215	297
215	298
215	299
215	300
215	301
216	15
216	16
216	17
216	18
216	19
216	284
216	285
216	286
216	287
216	288
216	289
216	290
216	291
216	292
216	293
216	294
216	295
216	296
216	297
216	298
216	299
216	300
216	301
217	15
217	16
217	17
217	18
217	19
217	284
217	285
217	286
217	287
217	288
217	289
217	290
217	291
217	292
217	293
217	294
217	295
217	296
217	297
217	298
217	299
217	300
217	301
218	15
218	16
218	17
218	18
218	19
218	284
218	285
218	286
218	287
218	288
218	289
218	290
218	291
218	292
218	293
218	294
218	295
218	296
218	297
218	298
218	299
218	300
218	301
219	15
219	16
219	17
219	18
219	19
219	284
219	285
219	286
219	287
219	288
219	289
219	290
219	291
219	292
219	293
219	294
219	295
219	296
219	297
219	298
219	299
219	300
219	301
220	15
220	16
220	17
220	18
220	19
220	282
220	283
220	284
220	285
220	286
220	287
220	288
220	289
220	290
220	291
220	292
220	293
220	294
220	295
220	296
220	297
220	298
220	299
220	300
220	301
221	15
221	16
221	17
221	18
221	19
221	283
221	284
221	285
221	286
221	287
221	288
221	289
221	290
221	291
221	292
221	293
221	294
221	295
221	296
221	297
221	298
221	299
221	300
221	301
222	15
222	16
222	17
222	18
222	19
222	282
222	283
222	284
222	285
222	286
222	287
222	288
222	289
222	290
222	291
222	292
222	293
222	294
222	295
222	296
222	297
222	298
222	299
222	300
222	301
223	15
223	16
223	17
223	18
223	19
223	282
223	283
223	284
223	285
223	286
223	287
223	288
223	289
223	290
223	291
223	292
223	293
223	294
223	295
223	296
223	297
223	298
223	299
223	300
223	301
224	15
224	16
224	17
224	18
224	19
224	281
224	282
224	283
224	284
224	285
224	286
224	287
224	288
224	289
224	290
224	291
224	292
224	293
224	294
224	295
224	296
224	297
224	298
224	299
224	300
224	301
225	15
225	16
225	17
225	18
225	19
225	281
225	282
225	283
225	284
225	285
225	286
225	287
225	288
225	289
225	290
225	291
225	292
225	293
225	294
225	295
225	296
225	297
225	298
225	299
225	300
225	301
226	15
226	16
226	17
226	18
226	19
226	281
226	282
226	283
226	284
226	285
226	286
226	287
226	288
226	289
226	290
226	291
226	292
226	293
226	294
226	295
226	296
226	297
226	298
226	299
226	300
226	301
227	15
227	16
227	17
227	18
227	19
227	281
227	282
227	283
227	284
227	285
227	286
227	287
227	288
227	289
227	290
227	291
227	292
227	293
227	294
227	295
227	296
227	297
227	298
227	299
227	300
227	301
228	15
228	16
228	17
228	18
228	19
228	281
228	282
228	283
228	284
228	285
228	286
228	287
228	288
228	289
228	290
228	291
228	292
228	293
228	294
228	295
228	296
228	297
228	298
228	299
228	300
228	301
229	15
229	16
229	17
229	18
229	19
229	281
229	282
229	283
229	284
229	285
229	286
229	287
229	288
229	289
229	290
229	291
229	292
229	293
229	294
229	295
229	296
229	297
229	298
229	299
229	300
229	301
230	15
230	16
230	17
230	18
230	19
230	281
230	282
230	283
230	284
230	285
230	286
230	287
230	288
230	289
230	290
230	291
230	292
230	293
230	294
230	295
230	296
230	297
230	298
230	299
230	300
230	301
231	15
231	16
231	17
231	18
231	19
231	281
231	282
231	283
231	284
231	285
231	286
231	287
231	288
231	289
231	290
231	291
231	292
231	293
231	294
231	295
231	296
231	297
231	298
231	299
231	300
231	301
232	15
232	16
232	17
232	18
232	19
232	281
232	282
232	283
232	284
232	285
232	286
232	287
232	288
232	289
232	290
232	291
232	292
232	293
232	294
232	295
232	296
232	297
232	298
232	299
232	300
232	301
233	15
233	16
233	17
233	18
233	19
233	281
233	282
233	283
233	284
233	285
233	286
233	287
233	288
233	289
233	290
233	291
233	292
233	293
233	294
233	295
233	296
233	297
233	298
233	299
233	300
233	301
234	15
234	16
234	17
234	18
234	19
234	20
234	281
234	282
234	283
234	284
234	285
234	286
234	287
234	288
234	289
234	290
234	291
234	292
234	293
234	294
234	295
234	296
234	297
234	298
234	299
234	300
234	301
235	16
235	17
235	18
235	19
235	20
235	281
235	282
235	283
235	284
235	285
235	286
235	287
235	288
235	289
235	290
235	291
235	292
235	293
235	294
235	295
235	296
235	297
235	298
235	299
235	300
235	301
236	17
236	18
236	19
236	20
236	21
236	286
236	287
236	288
236	289
236	290
236	291
236	292
236	293
236	294
236	295
236	296
236	297
237	17
237	18
237	19
237	20
237	21
237	286
237	287
237	288
237	289
237	290
237	291
237	292
237	293
237	294
237	295
237	296
238	17
238	18
238	19
238	20
238	21
238	286
238	287
238	288
238	289
238	290
238	291
238	292
238	293
238	294
238	295
238	296
238	297
239	17
239	18
239	19
239	20
239	21
239	286
239	287
239	288
239	289
239	290
239	291
239	292
239	293
239	294
239	295
239	296
239	297
240	17
240	18
240	19
240	20
240	21
240	287
240	288
240	289
240	290
240	291
240	292
240	293
240	294
240	295
240	296
240	297
241	17
241	18
241	19
241	20
241	21
241	287
241	288
241	289
241	290
241	291
241	292
241	293
241	294
241	295
241	296
241	297
242	17
242	18
242	19
242	20
242	21
242	287
242	288
242	289
242	290
242	291
242	292
242	293
242	294
242	295
242	296
242	297
243	17
243	18
243	19
243	20
243	21
243	287
243	288
243	289
243	290
243	291
243	292
243	293
243	294
243	295
243	296
243	297
244	17
244	18
244	19
244	20
244	21
244	287
244	288
244	289
244	290
244	291
244	292
244	293
244	294
244	295
244	296
244	297
244	298
244	299
244	300
244	301
244	302
245	17
245	18
245	19
245	20
245	21
245	287
245	288
245	289
245	290
245	291
245	292
245	293
245	294
245	295
245	296
245	297
245	298
245	299
245	300
245	301
245	302
246	17
246	18
246	19
246	20
246	21
246	287
246	288
246	289
246	290
246	291
246	292
246	293
246	294
246	295
246	296
246	297
246	298
246	299
246	300
246	301
246	302
247	17
247	18
247	19
247	20
247	21
247	287
247	288
247	289
247	290
247	291
247	292
247	293
247	294
247	295
247	296
247	297
247	298
247	299
247	300
247	301
247	302
248	17
248	18
248	19
248	20
248	21
248	287
248	288
248	289
248	290
248	291
248	292
248	293
248	294
248	295
248	296
248	297
248	298
248	299
248	300
248	301
248	302
249	17
249	18
249	19
249	20
249	21
249	287
249	288
249	289
249	290
249	291
249	292
249	293
249	294
249	295
249	296
249	297
249	298
249	299
249	300
249	301
249	302
250	17
250	18
250	19
250	20
250	21
250	287
250	288
250	289
250	290
250	291
250	292
250	293
250	294
250	295
250	296
250	297
250	298
250	299
250	300
250	301
250	302
251	17
251	18
251	19
251	20
251	21
251	286
251	287
251	288
251	289
251	290
251	291
251	292
251	293
251	294
251	295
251	296
251	297
251	298
251	299
251	300
251	301
251	302
252	17
252	18
252	19
252	20
252	21
252	286
252	287
252	288
252	289
252	290
252	291
252	292
252	293
252	294
252	295
252	296
252	297
252	298
252	299
252	300
252	301
252	302
253	17
253	18
253	19
253	20
253	21
253	286
253	287
253	288
253	289
253	290
253	291
253	292
253	293
253	294
253	295
253	296
253	297
253	298
253	299
253	300
253	301
253	302
254	17
254	18
254	19
254	20
254	21
254	286
254	287
254	288
254	289
254	290
254	291
254	292
254	293
254	294
254	295
254	296
254	297
254	298
254	299
254	300
254	301
254	302
255	17
255	18
255	19
255	20
255	21
255	286
255	287
255	288
255	289
255	290
255	291
255	292
255	293
255	294
255	295
255	296
255	297
255	298
255	299
255	300
255	301
255	302
256	17
256	18
256	19
256	20
256	21
256	286
256	287
256	288
256	289
256	290
256	291
256	292
256	293
256	294
256	295
256	296
256	297
256	298
256	299
256	300
256	301
256	302
257	17
257	18
257	19
257	20
257	21
257	286
257	287
257	288
257	289
257	290
257	291
257	292
257	293
257	294
257	295
257	296
257	297
257	298
257	299
257	300
257	301
257	302
258	286
258	287
258	288
258	289
258	290
258	291
258	292
258	293
258	294
258	295
258	296
258	297
258	298
258	299
258	300
258	301
258	302
258	303
259	17
259	18
259	19
259	20
259	21
259	286
259	287
259	288
259	289
259	290
259	291
259	292
259	293
259	294
259	295
259	296
259	297
259	298
259	299
259	300
259	301
259	302
259	303
260	17
260	18
260	19
260	20
260	21
260	286
260	287
260	288
260	289
260	290
260	291
260	292
260	293
260	294
260	295
260	296
260	297
260	298
260	299
260	300
260	301
260	302
260	303
261	17
261	18
261	19
261	20
261	21
261	286
261	287
261	288
261	289
261	290
261	291
261	292
261	293
261	294
261	295
261	296
261	297
261	298
261	299
261	300
261	301
261	302
261	303
262	17
262	18
262	19
262	20
262	21
262	287
262	288
262	289
262	290
262	291
262	292
262	293
262	294
262	295
262	296
262	297
262	298
262	299
262	300
262	301
262	302
262	303
263	17
263	18
263	19
263	20
263	21
263	287
263	288
263	289
263	290
263	291
263	292
263	293
263	294
263	295
263	296
263	297
263	298
263	299
263	300
263	301
263	302
263	303
264	17
264	18
264	19
264	20
264	21
264	287
264	288
264	289
264	290
264	291
264	292
264	293
264	294
264	295
264	296
264	297
264	298
264	299
264	300
264	301
264	302
264	303
265	17
265	18
265	19
265	20
265	21
265	287
265	288
265	289
265	290
265	291
265	292
265	293
265	294
265	295
265	296
265	297
265	298
265	299
265	300
265	301
265	302
265	303
266	17
266	18
266	19
266	20
266	21
266	287
266	288
266	289
266	290
266	291
266	292
266	293
266	294
266	295
266	296
266	297
266	298
266	299
266	300
266	301
266	302
266	303
267	17
267	18
267	19
267	20
267	21
267	287
267	288
267	289
267	290
267	291
267	292
267	293
267	294
267	295
267	296
267	297
267	298
267	299
267	300
267	301
267	302
267	303
268	17
268	18
268	19
268	20
268	21
268	22
268	287
268	288
268	289
268	290
268	291
268	292
268	293
268	294
268	295
268	296
268	297
268	298
268	299
268	300
268	301
268	302
268	303
269	18
269	19
269	20
269	21
269	22
269	287
269	288
269	289
269	290
269	291
269	292
269	293
269	294
269	295
269	296
269	297
269	298
269	299
269	300
269	301
269	302
269	303
269	304
270	19
270	20
270	21
270	22
270	23
270	287
270	288
270	289
270	290
270	291
270	292
270	293
270	294
270	295
270	296
270	297
270	298
270	299
270	300
270	301
270	302
270	303
270	304
271	19
271	20
271	21
271	22
271	23
271	287
271	288
271	289
271	290
271	291
271	292
271	293
271	294
271	295
271	296
271	297
271	298
271	299
271	300
271	301
271	302
271	303
271	304
272	19
272	20
272	21
272	22
272	23
272	287
272	288
272	289
272	290
272	291
272	292
272	293
272	294
272	295
272	296
272	297
272	298
272	299
272	300
272	301
272	302
272	303
272	304
273	20
273	21
273	22
273	23
273	24
273	287
273	288
273	289
273	290
273	291
273	292
273	293
273	294
273	295
273	296
273	297
273	298
273	299
273	300
273	301
273	302
273	303
273	304
273	305
274	21
274	22
274	23
274	24
274	25
274	288
274	289
274	290
274	291
274	292
274	293
274	294
274	295
274	296
274	297
274	298
274	299
274	300
274	301
274	302
274	303
274	304
274	305
274	306
275	21
275	22
275	23
275	24
275	25
275	296
275	297
275	298
275	299
275	300
275	301
275	302
275	303
275	304
275	305
275	306
276	21
276	22
276	23
276	24
276	25
276	296
276	297
276	298
276	299
276	300
276	301
276	302
276	303
276	304
276	305
276	306
277	21
277	22
277	23
277	24
277	25
277	26
277	296
277	297
277	298
277	299
277	300
277	301
277	302
277	303
277	304
277	305
277	306
278	22
278	23
278	24
278	25
278	26
279	22
279	23
279	24
279	25
279	26
279	296
279	297
279	298
279	299
279	300
279	301
279	302
279	303
279	304
279	305
279	306
280	22
280	23
280	24
280	25
280	26
280	296
280	297
280	298
280	299
280	300
280	301
280	302
280	303
280	304
280	305
280	306
281	22
281	23
281	24
281	25
281	26
281	296
281	297
281	298
281	299
281	300
281	301
281	302
281	303
281	304
281	305
281	306
282	22
282	23
282	24
282	25
282	26
282	296
282	297
282	298
282	299
282	300
282	301
282	302
282	303
282	304
282	305
282	306
283	22
283	23
283	24
283	25
283	26
283	296
283	297
283	298
283	299
283	300
283	301
283	302
283	303
283	304
283	305
283	306
284	1
284	2
284	22
284	23
284	24
284	25
284	26
284	295
284	296
284	297
284	298
284	299
284	300
284	301
284	302
284	303
284	304
284	305
284	306
285	1
285	2
285	3
285	22
285	23
285	24
285	25
285	26
285	295
285	296
285	297
285	298
285	299
285	300
285	301
285	302
285	303
285	304
285	305
285	306
286	1
286	2
286	3
286	4
286	22
286	23
286	24
286	25
286	26
286	295
286	296
286	297
286	298
286	299
286	300
286	301
286	302
286	303
286	304
286	305
286	306
287	1
287	2
287	3
287	4
287	22
287	23
287	24
287	25
287	26
287	295
287	296
287	297
287	298
287	299
287	300
287	301
287	302
287	303
287	304
287	305
288	1
288	2
288	3
288	4
288	22
288	23
288	24
288	25
288	26
288	295
288	296
288	297
288	298
288	299
288	300
288	301
288	302
288	303
288	304
288	305
289	1
289	2
289	3
289	4
289	22
289	23
289	24
289	25
289	26
290	1
290	2
290	3
290	4
290	22
290	23
290	24
290	25
290	26
290	295
290	296
290	297
290	298
290	299
290	300
290	301
290	302
290	303
290	304
290	305
291	1
291	2
291	3
291	4
291	22
291	23
291	24
291	25
291	26
291	295
291	296
291	297
291	298
291	299
291	300
291	301
291	302
291	303
291	304
291	305
292	1
292	2
292	3
292	4
292	22
292	23
292	24
292	25
292	26
292	295
292	296
292	297
292	298
292	299
292	300
292	301
292	302
292	303
292	304
292	305
293	1
293	2
293	3
293	4
293	22
293	23
293	24
293	25
293	26
293	295
293	296
293	297
293	298
293	299
293	300
293	301
293	302
293	303
293	304
293	305
294	1
294	2
294	3
294	4
294	22
294	23
294	24
294	25
294	26
294	295
294	296
294	297
294	298
294	299
294	300
294	301
294	302
294	303
294	304
294	305
295	1
295	2
295	3
295	4
295	22
295	23
295	24
295	25
295	26
295	295
295	296
295	297
295	298
295	299
295	300
295	301
295	302
295	303
295	304
295	305
296	1
296	2
296	3
296	4
296	22
296	23
296	24
296	25
296	26
296	295
296	296
296	297
296	298
296	299
296	300
296	301
296	302
296	303
296	304
296	305
297	1
297	2
297	3
297	4
297	22
297	23
297	24
297	25
297	26
297	295
297	296
297	297
297	298
297	299
297	300
297	301
297	302
297	303
297	304
297	305
298	1
298	2
298	3
298	4
298	22
298	23
298	24
298	25
298	26
298	295
298	296
298	297
298	298
298	299
298	300
298	301
298	302
298	303
298	304
298	305
299	1
299	2
299	3
299	4
299	22
299	23
299	24
299	25
299	26
299	294
299	295
299	296
299	297
299	298
299	299
299	300
299	301
299	302
299	303
299	304
299	305
299	306
299	307
299	308
299	309
299	310
299	311
299	312
300	1
300	2
300	3
300	4
300	22
300	23
300	24
300	25
300	26
300	302
300	303
300	304
300	305
300	306
300	307
300	308
300	309
300	310
300	311
300	312
301	1
301	2
301	3
301	4
301	22
301	23
301	24
301	25
301	26
301	293
301	294
301	295
301	296
301	297
301	298
301	299
301	300
301	301
301	302
301	303
301	304
301	305
301	306
301	307
301	308
301	309
301	310
301	311
301	312
302	1
302	2
302	3
302	4
302	22
302	23
302	24
302	25
302	26
302	293
302	294
302	295
302	296
302	297
302	298
302	299
302	300
302	301
302	302
302	303
302	304
302	305
302	306
302	307
302	308
302	309
302	310
302	311
302	312
303	1
303	2
303	3
303	4
303	22
303	23
303	24
303	25
303	26
303	293
303	294
303	295
303	296
303	297
303	298
303	299
303	300
303	301
303	302
303	303
303	304
303	305
303	306
303	307
303	308
303	309
303	310
303	311
303	312
304	1
304	2
304	3
304	4
304	22
304	23
304	24
304	25
304	26
304	27
304	293
304	294
304	295
304	296
304	297
304	298
304	299
304	300
304	301
304	302
304	303
304	304
304	305
304	306
304	307
304	308
304	309
304	310
304	311
305	1
305	2
305	3
305	4
305	23
305	24
305	25
305	26
305	27
305	293
305	294
305	295
305	296
305	297
305	298
305	299
305	300
305	301
305	302
305	303
305	304
305	305
305	306
305	307
305	308
305	309
305	310
305	311
305	312
306	1
306	2
306	3
306	4
306	23
306	24
306	25
306	26
306	27
306	28
306	293
306	294
306	295
306	296
306	297
306	298
306	299
306	300
306	301
306	302
306	303
306	304
306	305
306	306
306	307
306	308
306	309
306	310
306	311
306	312
307	1
307	2
307	3
307	4
307	24
307	25
307	26
307	27
307	28
307	293
307	294
307	295
307	296
307	297
307	298
307	299
307	300
307	301
307	302
307	303
307	304
307	305
307	306
307	307
307	308
307	309
307	310
307	311
307	312
308	1
308	2
308	3
308	4
308	24
308	25
308	26
308	27
308	28
308	293
308	294
308	295
308	296
308	297
308	298
308	299
308	300
308	301
308	302
308	303
308	304
308	305
308	306
308	307
308	308
308	309
308	310
308	311
308	312
309	1
309	2
309	3
309	4
309	24
309	25
309	26
309	27
309	28
309	293
309	294
309	295
309	296
309	297
309	298
309	299
309	300
309	301
309	302
309	303
309	304
309	305
309	306
309	307
309	308
309	309
309	310
309	311
310	1
310	2
310	3
310	4
310	5
310	24
310	25
310	26
310	27
310	28
310	293
310	294
310	295
310	296
310	297
310	298
310	299
310	300
310	301
310	302
310	303
310	304
310	305
310	306
310	307
310	308
310	309
310	310
310	311
310	312
311	2
311	3
311	4
311	5
311	6
311	24
311	25
311	26
311	27
311	28
311	294
311	295
311	296
311	297
311	298
311	299
311	300
311	301
311	302
311	303
311	304
311	305
311	306
311	307
311	308
311	309
311	310
311	311
311	312
312	2
312	3
312	4
312	5
312	6
312	24
312	25
312	26
312	27
312	28
312	294
312	295
312	296
312	297
312	298
312	299
312	300
312	301
312	302
312	303
312	304
312	305
312	306
312	307
312	308
312	309
312	310
312	311
312	312
313	3
313	4
313	5
313	6
313	7
313	24
313	25
313	26
313	27
313	28
313	29
313	294
313	295
313	296
313	297
313	298
313	299
313	300
313	301
313	302
313	303
313	304
313	305
313	306
313	307
313	308
313	309
313	310
313	311
313	312
314	3
314	4
314	5
314	6
314	7
314	8
314	25
314	26
314	27
314	28
314	29
314	295
314	296
314	297
314	298
314	299
314	300
314	301
314	302
314	303
314	304
314	305
314	306
314	307
314	308
314	309
314	310
314	311
314	312
315	4
315	5
315	6
315	7
315	8
315	25
315	26
315	27
315	28
315	29
315	296
315	297
315	298
315	299
315	300
315	301
315	302
315	303
315	304
315	305
315	306
315	307
315	308
315	309
315	310
315	311
316	4
316	5
316	6
316	7
316	8
316	25
316	26
316	27
316	28
316	29
316	296
316	297
316	298
316	299
316	300
316	301
316	302
316	303
316	304
316	305
316	306
316	307
316	308
316	309
316	310
316	311
317	4
317	5
317	6
317	7
317	8
317	25
317	26
317	27
317	28
317	29
317	296
317	297
317	298
317	299
317	300
317	301
317	302
317	303
317	304
317	305
317	306
317	307
317	308
317	309
317	310
317	311
318	4
318	5
318	6
318	7
318	8
318	25
318	26
318	27
318	28
318	29
318	296
318	297
318	298
318	299
318	300
318	301
318	302
318	303
318	304
318	305
318	306
318	307
318	308
318	309
318	310
318	311
319	4
319	5
319	6
319	7
319	8
319	25
319	26
319	27
319	28
319	29
319	296
319	297
319	298
319	299
319	300
319	301
319	302
319	303
319	304
319	305
319	306
319	307
319	308
319	309
319	310
319	311
320	4
320	5
320	6
320	7
320	8
320	25
320	26
320	27
320	28
320	29
320	296
320	297
320	298
320	299
320	300
320	301
320	302
320	303
320	304
320	305
320	306
320	307
320	308
320	309
320	310
320	311
321	4
321	5
321	6
321	7
321	8
321	25
321	26
321	27
321	28
321	29
321	296
321	297
321	298
321	299
321	300
321	301
321	302
321	303
321	304
321	305
321	306
321	307
321	308
321	309
321	310
321	311
322	4
322	5
322	6
322	7
322	8
322	25
322	26
322	27
322	28
322	29
322	296
322	297
322	298
322	299
322	300
322	301
322	302
322	303
322	304
322	305
322	306
322	307
322	308
322	309
322	310
322	311
323	4
323	5
323	6
323	7
323	8
323	25
323	26
323	27
323	28
323	29
323	297
323	298
323	299
323	300
323	301
323	302
323	303
323	304
323	305
323	306
323	307
323	308
323	309
323	310
323	311
324	4
324	5
324	6
324	7
324	8
324	25
324	26
324	27
324	28
324	29
324	297
324	298
324	299
324	300
324	301
324	302
324	303
324	304
324	305
324	306
324	307
324	308
324	309
324	310
324	311
324	312
325	4
325	5
325	6
325	7
325	8
325	25
325	26
325	27
325	28
325	29
325	297
325	298
325	299
325	300
325	301
325	302
325	303
325	304
325	305
325	306
325	307
325	308
325	309
325	310
325	311
325	312
326	4
326	5
326	6
326	7
326	8
326	25
326	26
326	27
326	28
326	29
326	297
326	298
326	299
326	300
326	301
326	302
326	303
326	304
326	305
326	306
326	307
326	308
326	309
326	310
326	311
326	312
327	4
327	5
327	6
327	7
327	8
327	25
327	26
327	27
327	28
327	29
327	298
327	299
327	300
327	301
327	302
327	303
327	304
327	305
327	306
327	307
327	308
327	309
327	310
327	311
327	312
328	4
328	5
328	6
328	7
328	8
328	25
328	26
328	27
328	28
328	29
328	299
328	300
328	301
328	302
328	303
328	304
328	305
328	306
328	307
328	308
328	309
328	310
329	4
329	5
329	6
329	7
329	8
329	25
329	26
329	27
329	28
329	29
329	299
329	300
329	301
329	302
329	303
329	304
329	305
329	306
329	307
329	308
329	309
329	310
329	311
329	312
329	313
330	4
330	5
330	6
330	7
330	8
330	25
330	26
330	27
330	28
330	29
330	299
330	300
330	301
330	302
330	303
330	304
330	305
330	306
330	307
330	308
330	309
330	310
330	311
331	4
331	5
331	6
331	7
331	8
331	25
331	26
331	27
331	28
331	29
331	299
331	300
331	301
331	302
331	303
331	304
331	305
331	306
331	307
331	308
331	309
331	310
331	311
331	312
331	313
331	314
332	4
332	5
332	6
332	7
332	8
332	25
332	26
332	27
332	28
332	29
332	299
332	300
332	301
332	302
332	303
332	304
332	305
332	306
332	307
332	308
332	309
332	310
332	311
332	312
332	313
332	314
333	4
333	5
333	6
333	7
333	8
333	25
333	26
333	27
333	28
333	29
333	299
333	300
333	301
333	302
333	303
333	304
333	305
333	306
333	307
333	308
333	309
333	310
333	311
333	312
333	313
333	314
334	4
334	5
334	6
334	7
334	8
334	25
334	26
334	27
334	28
334	29
334	299
334	300
334	301
334	302
334	303
334	304
334	305
334	306
334	307
334	308
334	309
334	310
334	311
334	312
334	313
334	314
334	315
335	4
335	5
335	6
335	7
335	8
335	25
335	26
335	27
335	28
335	29
335	299
335	300
335	301
335	302
335	303
335	304
335	305
335	306
335	307
335	308
335	309
335	310
335	311
335	312
335	313
335	314
335	315
335	316
336	4
336	5
336	6
336	7
336	8
336	25
336	26
336	27
336	28
336	29
336	299
336	300
336	301
336	302
336	303
336	304
336	305
336	306
336	307
336	308
336	309
336	310
336	311
336	312
336	313
336	314
336	315
336	316
336	317
337	4
337	5
337	6
337	7
337	8
337	25
337	26
337	27
337	28
337	29
337	300
337	301
337	302
337	303
337	304
337	305
337	306
337	307
337	308
337	309
337	310
337	311
337	312
337	313
337	314
337	315
337	316
337	317
338	4
338	5
338	6
338	7
338	8
338	25
338	26
338	27
338	28
338	29
338	300
338	301
338	302
338	303
338	304
338	305
338	306
338	307
338	308
338	309
338	310
338	311
338	312
338	313
338	314
338	315
338	316
338	317
338	318
339	4
339	5
339	6
339	7
339	8
339	25
339	26
339	27
339	28
339	29
339	300
339	301
339	302
339	303
339	304
339	305
339	306
339	307
339	308
339	309
339	310
339	311
339	312
339	313
339	314
339	315
339	316
339	317
339	318
339	319
340	4
340	5
340	6
340	7
340	8
340	25
340	26
340	27
340	28
340	29
340	300
340	301
340	302
340	303
340	304
340	305
340	306
340	307
340	308
340	309
340	310
340	311
340	312
340	313
340	314
340	315
340	316
340	317
340	318
340	319
341	4
341	5
341	6
341	7
341	8
341	25
341	26
341	27
341	28
341	29
341	301
341	302
341	303
341	304
341	305
341	306
341	307
341	308
341	309
341	310
341	311
341	312
341	313
341	314
341	315
341	316
341	317
341	318
341	319
342	4
342	5
342	6
342	7
342	8
342	25
342	26
342	27
342	28
342	29
342	301
342	302
342	303
342	304
342	305
342	306
342	307
342	308
342	309
342	310
342	311
342	312
342	313
342	314
342	315
342	316
342	317
342	318
342	319
343	4
343	5
343	6
343	7
343	8
343	25
343	26
343	27
343	28
343	29
343	30
343	302
343	303
343	304
343	305
343	306
343	307
343	308
343	309
343	310
343	311
343	312
343	313
343	314
343	315
343	316
343	317
343	318
343	319
344	4
344	5
344	6
344	7
344	8
344	26
344	27
344	28
344	29
344	30
344	302
344	303
344	304
344	305
344	306
344	307
344	308
344	309
344	310
344	311
344	312
344	313
344	314
344	315
344	316
344	317
344	318
344	319
345	4
345	5
345	6
345	7
345	8
345	26
345	27
345	28
345	29
345	30
345	31
345	302
345	303
345	304
345	305
345	306
345	307
345	308
345	309
345	310
345	311
345	312
345	313
345	314
345	315
345	316
345	317
345	318
345	319
346	4
346	5
346	6
346	7
346	8
346	27
346	28
346	29
346	30
346	31
346	303
346	304
346	305
346	306
346	307
346	308
346	309
346	310
346	311
346	312
346	313
346	314
346	315
346	316
346	317
346	318
346	319
347	4
347	5
347	6
347	7
347	8
347	9
347	27
347	28
347	29
347	30
347	31
347	303
347	304
347	305
347	306
347	307
347	308
347	309
347	310
347	311
347	312
347	313
347	314
347	315
347	316
347	317
347	318
347	319
348	5
348	6
348	7
348	8
348	9
348	27
348	28
348	29
348	30
348	31
348	303
348	304
348	305
348	306
348	307
348	308
348	309
348	310
348	311
348	312
348	313
348	314
348	315
348	316
348	317
348	318
348	319
349	5
349	6
349	7
349	8
349	9
349	27
349	28
349	29
349	30
349	31
349	303
349	304
349	305
349	306
349	307
349	308
349	309
349	310
349	311
349	312
349	313
349	314
349	315
349	316
349	317
349	318
349	319
350	5
350	6
350	7
350	8
350	9
350	27
350	28
350	29
350	30
350	31
350	303
350	304
350	305
350	306
350	307
350	308
350	309
350	310
350	311
350	312
350	313
350	314
350	315
350	316
350	317
350	318
350	319
351	5
351	6
351	7
351	8
351	9
351	27
351	28
351	29
351	30
351	31
351	303
351	304
351	305
351	306
351	307
351	308
351	309
351	310
351	311
351	312
351	313
351	314
351	315
351	316
351	317
351	318
351	319
352	5
352	6
352	7
352	8
352	9
352	27
352	28
352	29
352	30
352	31
352	303
352	304
352	305
352	306
352	307
352	308
352	309
352	310
352	311
352	312
352	313
352	314
352	315
352	316
352	317
352	318
352	319
353	5
353	6
353	7
353	8
353	9
353	27
353	28
353	29
353	30
353	31
353	303
353	304
353	305
353	306
353	307
353	308
353	309
353	310
353	311
353	312
353	313
353	314
353	315
353	316
353	317
353	318
353	319
354	6
354	7
354	8
354	9
354	10
354	11
354	27
354	28
354	29
354	30
354	31
354	32
354	303
354	304
354	305
354	306
354	307
354	308
354	309
354	310
354	311
354	312
354	313
354	314
354	315
354	316
354	317
354	318
354	319
355	7
355	8
355	9
355	10
355	11
355	310
355	311
355	312
355	313
355	314
355	315
355	316
355	317
355	318
355	319
356	7
356	8
356	9
356	10
356	11
356	29
356	30
356	31
356	32
356	33
356	304
356	305
356	306
356	307
356	308
356	309
356	310
356	311
356	312
356	313
356	314
356	315
356	316
356	317
356	318
356	319
357	8
357	9
357	10
357	11
357	12
357	29
357	30
357	31
357	32
357	33
357	304
357	305
357	306
357	307
357	308
357	309
357	310
357	311
357	312
357	313
357	314
357	315
357	316
357	317
357	318
357	319
358	8
358	9
358	10
358	11
358	12
358	29
358	30
358	31
358	32
358	33
358	304
358	305
358	306
358	307
358	308
358	309
358	310
358	311
358	312
358	313
358	314
358	315
358	316
358	317
358	318
358	319
359	9
359	10
359	11
359	12
359	13
359	29
359	30
359	31
359	32
359	33
359	305
359	306
359	307
359	308
359	309
359	310
359	311
359	312
359	313
359	314
359	315
359	316
359	317
359	318
359	319
360	9
360	10
360	11
360	12
360	13
360	29
360	30
360	31
360	32
360	33
360	306
360	307
360	308
360	309
360	310
360	311
360	312
360	313
360	314
360	315
360	316
360	317
360	318
360	319
361	9
361	10
361	11
361	12
361	13
361	29
361	30
361	31
361	32
361	33
361	306
361	307
361	308
361	309
361	310
361	311
361	312
361	313
361	314
361	315
361	316
361	317
361	318
361	319
362	9
362	10
362	11
362	12
362	13
362	29
362	30
362	31
362	32
362	33
362	306
362	307
362	308
362	309
362	310
362	311
362	312
362	313
362	314
362	315
362	316
362	317
362	318
362	319
363	9
363	10
363	11
363	12
363	13
363	29
363	30
363	31
363	32
363	33
363	307
363	308
363	309
363	310
363	311
363	312
363	313
363	314
363	315
363	316
363	317
363	318
363	319
364	9
364	10
364	11
364	12
364	13
364	29
364	30
364	31
364	32
364	33
364	307
364	308
364	309
364	310
364	311
364	312
364	313
364	314
364	315
364	316
364	317
364	318
364	319
365	9
365	10
365	11
365	12
365	13
365	29
365	30
365	31
365	32
365	33
365	307
365	308
365	309
365	310
365	311
365	312
365	313
365	314
365	315
365	316
365	317
365	318
365	319
366	9
366	10
366	11
366	12
366	13
366	29
366	30
366	31
366	32
366	33
366	307
366	308
366	309
366	310
366	311
366	312
366	313
366	314
366	315
366	316
366	317
366	318
366	319
367	9
367	10
367	11
367	12
367	13
367	29
367	30
367	31
367	32
367	33
367	307
367	308
367	309
367	310
367	311
367	312
367	313
367	314
367	315
367	316
367	317
367	318
367	319
368	9
368	10
368	11
368	12
368	13
368	29
368	30
368	31
368	32
368	33
368	308
368	309
368	310
368	311
368	312
368	313
368	314
368	315
368	316
368	317
368	318
368	319
369	9
369	10
369	11
369	12
369	13
369	29
369	30
369	31
369	32
369	33
369	308
369	309
369	310
369	311
369	312
369	313
369	314
369	315
369	316
369	317
369	318
369	319
370	9
370	10
370	11
370	12
370	13
370	29
370	30
370	31
370	32
370	33
370	308
370	309
370	310
370	311
370	312
370	313
370	314
370	315
370	316
370	317
370	318
370	319
371	9
371	10
371	11
371	12
371	13
371	30
371	31
371	32
371	33
371	34
371	308
371	309
371	310
371	311
371	312
371	313
371	314
371	315
371	316
371	317
371	318
371	319
372	9
372	10
372	11
372	12
372	13
372	30
372	31
372	32
372	33
372	34
372	308
372	309
372	310
372	311
372	312
372	313
372	314
372	315
372	316
372	317
372	318
372	319
373	9
373	10
373	11
373	12
373	13
373	30
373	31
373	32
373	33
373	34
373	35
373	308
373	309
373	310
373	311
373	312
373	313
373	314
373	315
373	316
373	317
373	318
373	319
374	9
374	10
374	11
374	12
374	13
374	31
374	32
374	33
374	34
374	35
374	308
374	309
374	310
374	311
374	312
374	313
374	314
374	315
374	316
374	317
374	318
374	319
375	9
375	10
375	11
375	12
375	13
375	31
375	32
375	33
375	34
375	35
375	308
375	309
375	310
375	311
375	312
375	313
375	314
375	315
375	316
375	317
375	318
375	319
376	9
376	10
376	11
376	12
376	13
376	31
376	32
376	33
376	34
376	35
376	308
376	309
376	310
376	311
376	312
376	313
376	314
376	315
376	316
376	317
376	318
376	319
377	9
377	10
377	11
377	12
377	13
377	31
377	32
377	33
377	34
377	35
377	309
377	310
377	311
377	312
377	313
377	314
377	315
377	316
377	317
377	318
377	319
378	9
378	10
378	11
378	12
378	13
378	31
378	32
378	33
378	34
378	35
378	310
378	311
378	312
378	313
378	314
378	315
378	316
378	317
378	318
378	319
379	9
379	10
379	11
379	12
379	13
379	31
379	32
379	33
379	34
379	35
379	311
379	312
379	313
379	314
379	315
379	316
379	317
379	318
379	319
380	10
380	11
380	12
380	13
380	14
380	31
380	32
380	33
380	34
380	35
381	10
381	11
381	12
381	13
381	14
381	31
381	32
381	33
381	34
381	35
382	10
382	11
382	12
382	13
382	14
382	31
382	32
382	33
382	34
382	35
383	10
383	11
383	12
383	13
383	14
383	31
383	32
383	33
383	34
383	35
384	10
384	11
384	12
384	13
384	14
384	31
384	32
384	33
384	34
384	35
385	10
385	11
385	12
385	13
385	14
385	31
385	32
385	33
385	34
385	35
386	10
386	11
386	12
386	13
386	14
386	31
386	32
386	33
386	34
386	35
387	11
387	12
387	13
387	14
387	15
387	31
387	32
387	33
387	34
387	35
388	11
388	12
388	13
388	14
388	15
388	31
388	32
388	33
388	34
388	35
389	11
389	12
389	13
389	14
389	15
389	31
389	32
389	33
389	34
389	35
390	11
390	12
390	13
390	14
390	15
390	16
390	31
390	32
390	33
390	34
390	35
391	12
391	13
391	14
391	15
391	16
391	32
391	33
391	34
391	35
391	36
392	12
392	13
392	14
392	15
392	16
392	32
392	33
392	34
392	35
392	36
393	12
393	13
393	14
393	15
393	16
393	32
393	33
393	34
393	35
393	36
394	12
394	13
394	14
394	15
394	16
394	32
394	33
394	34
394	35
394	36
395	12
395	13
395	14
395	15
395	16
395	32
395	33
395	34
395	35
395	36
396	12
396	13
396	14
396	15
396	16
396	32
396	33
396	34
396	35
396	36
397	12
397	13
397	14
397	15
397	16
397	32
397	33
397	34
397	35
397	36
398	12
398	13
398	14
398	15
398	16
398	32
398	33
398	34
398	35
398	36
399	12
399	13
399	14
399	15
399	16
399	32
399	33
399	34
399	35
399	36
400	12
400	13
400	14
400	15
400	16
400	32
400	33
400	34
400	35
400	36
401	12
401	13
401	14
401	15
401	16
401	32
401	33
401	34
401	35
401	36
402	12
402	13
402	14
402	15
402	16
402	32
402	33
402	34
402	35
402	36
403	12
403	13
403	14
403	15
403	16
403	32
403	33
403	34
403	35
403	36
404	12
404	13
404	14
404	15
404	16
404	32
404	33
404	34
404	35
404	36
405	12
405	13
405	14
405	15
405	16
405	32
405	33
405	34
405	35
405	36
406	12
406	13
406	14
406	15
406	16
406	32
406	33
406	34
406	35
406	36
407	12
407	13
407	14
407	15
407	16
407	32
407	33
407	34
407	35
407	36
408	12
408	13
408	14
408	15
408	16
408	32
408	33
408	34
408	35
408	36
409	12
409	13
409	14
409	15
409	16
409	32
409	33
409	34
409	35
409	36
410	12
410	13
410	14
410	15
410	16
410	32
410	33
410	34
410	35
410	36
411	12
411	13
411	14
411	15
411	16
411	32
411	33
411	34
411	35
411	36
412	12
412	13
412	14
412	15
412	16
412	32
412	33
412	34
412	35
412	36
413	12
413	13
413	14
413	15
413	16
413	33
413	34
413	35
413	36
413	37
414	12
414	13
414	14
414	15
414	16
414	33
414	34
414	35
414	36
414	37
415	12
415	13
415	14
415	15
415	16
415	34
415	35
415	36
415	37
415	38
416	12
416	13
416	14
416	15
416	16
416	34
416	35
416	36
416	37
416	38
416	39
417	12
417	13
417	14
417	15
417	16
417	17
417	35
417	36
417	37
417	38
417	39
418	13
418	14
418	15
418	16
418	17
418	35
418	36
418	37
418	38
418	39
419	13
419	14
419	15
419	16
419	17
419	18
419	19
419	35
419	36
419	37
419	38
419	39
419	40
420	15
420	16
420	17
420	18
420	19
420	36
420	37
420	38
420	39
420	40
421	15
421	16
421	17
421	18
421	19
421	36
421	37
421	38
421	39
421	40
422	15
422	16
422	17
422	18
422	19
422	36
422	37
422	38
422	39
422	40
423	15
423	16
423	17
423	18
423	19
423	36
423	37
423	38
423	39
423	40
424	15
424	16
424	17
424	18
424	19
424	36
424	37
424	38
424	39
424	40
425	15
425	16
425	17
425	18
425	19
425	36
425	37
425	38
425	39
425	40
426	15
426	16
426	17
426	18
426	19
426	36
426	37
426	38
426	39
426	40
427	15
427	16
427	17
427	18
427	19
427	36
427	37
427	38
427	39
427	40
428	15
428	16
428	17
428	18
428	19
428	36
428	37
428	38
428	39
428	40
429	15
429	16
429	17
429	18
429	19
429	36
429	37
429	38
429	39
429	40
430	15
430	16
430	17
430	18
430	19
430	36
430	37
430	38
430	39
430	40
431	15
431	16
431	17
431	18
431	19
431	36
431	37
431	38
431	39
431	40
432	15
432	16
432	17
432	18
432	19
432	36
432	37
432	38
432	39
432	40
433	15
433	16
433	17
433	18
433	19
433	36
433	37
433	38
433	39
433	40
434	15
434	16
434	17
434	18
434	19
434	36
434	37
434	38
434	39
434	40
435	15
435	16
435	17
435	18
435	19
435	36
435	37
435	38
435	39
435	40
436	16
436	17
436	18
436	19
436	20
436	36
436	37
436	38
436	39
436	40
436	41
437	16
437	17
437	18
437	19
437	20
437	37
437	38
437	39
437	40
437	41
438	16
438	17
438	18
438	19
438	20
438	37
438	38
438	39
438	40
438	41
439	17
439	18
439	19
439	20
439	21
439	22
439	37
439	38
439	39
439	40
439	41
440	18
440	19
440	20
440	21
440	22
440	37
440	38
440	39
440	40
440	41
441	18
441	19
441	20
441	21
441	22
441	37
441	38
441	39
441	40
441	41
442	18
442	19
442	20
442	21
442	22
442	37
442	38
442	39
442	40
442	41
443	18
443	19
443	20
443	21
443	22
444	18
444	19
444	20
444	21
444	22
444	37
444	38
444	39
444	40
444	41
445	18
445	19
445	20
445	21
445	22
445	37
445	38
445	39
445	40
445	41
446	18
446	19
446	20
446	21
446	22
446	37
446	38
446	39
446	40
446	41
447	17
447	18
447	19
447	20
447	21
447	37
447	38
447	39
447	40
447	41
448	17
448	18
448	19
448	20
448	21
449	17
449	18
449	19
449	20
449	21
449	37
449	38
449	39
449	40
449	41
450	17
450	18
450	19
450	20
450	21
450	37
450	38
450	39
450	40
450	41
451	17
451	18
451	19
451	20
451	21
451	37
451	38
451	39
451	40
451	41
452	17
452	18
452	19
452	20
452	21
452	37
452	38
452	39
452	40
452	41
453	17
453	18
453	19
453	20
453	21
453	37
453	38
453	39
453	40
453	41
454	17
454	18
454	19
454	20
454	21
454	37
454	38
454	39
454	40
454	41
455	17
455	18
455	19
455	20
455	21
455	37
455	38
455	39
455	40
455	41
456	17
456	18
456	19
456	20
456	21
456	37
456	38
456	39
456	40
456	41
457	17
457	18
457	19
457	20
457	21
457	37
457	38
457	39
457	40
457	41
458	17
458	18
458	19
458	20
458	21
458	37
458	38
458	39
458	40
458	41
458	42
459	17
459	18
459	19
459	20
459	21
459	38
459	39
459	40
459	41
459	42
460	17
460	18
460	19
460	20
460	21
460	39
460	40
460	41
460	42
460	43
461	17
461	18
461	19
461	20
461	21
461	39
461	40
461	41
461	42
461	43
462	17
462	18
462	19
462	20
462	21
462	39
462	40
462	41
462	42
462	43
463	18
463	19
463	20
463	21
463	22
463	39
463	40
463	41
463	42
463	43
464	19
464	20
464	21
464	22
464	23
464	39
464	40
464	41
464	42
464	43
465	19
465	20
465	21
465	22
465	23
465	39
465	40
465	41
465	42
465	43
466	19
466	20
466	21
466	22
466	23
466	39
466	40
466	41
466	42
466	43
467	39
467	40
467	41
467	42
467	43
468	19
468	20
468	21
468	22
468	23
468	39
468	40
468	41
468	42
468	43
468	44
469	19
469	20
469	21
469	22
469	23
469	40
469	41
469	42
469	43
469	44
470	40
470	41
470	42
470	43
470	44
471	19
471	20
471	21
471	22
471	23
471	40
471	41
471	42
471	43
471	44
471	45
472	19
472	20
472	21
472	22
472	23
472	41
472	42
472	43
472	44
472	45
473	19
473	20
473	21
473	22
473	23
473	41
473	42
473	43
473	44
473	45
474	19
474	20
474	21
474	22
474	23
474	41
474	42
474	43
474	44
474	45
475	20
475	21
475	22
475	23
475	24
475	41
475	42
475	43
475	44
475	45
476	20
476	21
476	22
476	23
476	24
476	25
476	41
476	42
476	43
476	44
476	45
477	21
477	22
477	23
477	24
477	25
477	41
477	42
477	43
477	44
477	45
478	21
478	22
478	23
478	24
478	25
478	41
478	42
478	43
478	44
478	45
479	21
479	22
479	23
479	24
479	25
479	41
479	42
479	43
479	44
479	45
480	21
480	22
480	23
480	24
480	25
480	41
480	42
480	43
480	44
480	45
481	21
481	22
481	23
481	24
481	25
481	41
481	42
481	43
481	44
481	45
482	21
482	22
482	23
482	24
482	25
482	41
482	42
482	43
482	44
482	45
483	21
483	22
483	23
483	24
483	25
483	26
483	41
483	42
483	43
483	44
483	45
484	21
484	22
484	23
484	24
484	25
484	26
484	27
484	41
484	42
484	43
484	44
484	45
485	21
485	22
485	23
485	24
485	25
485	26
485	27
485	28
485	41
485	42
485	43
485	44
485	45
486	21
486	22
486	23
486	24
486	25
486	26
486	27
486	28
486	29
486	30
486	41
486	42
486	43
486	44
486	45
487	21
487	22
487	23
487	24
487	25
487	26
487	27
487	28
487	29
487	30
487	41
487	42
487	43
487	44
487	45
488	21
488	22
488	23
488	24
488	25
488	26
488	27
488	28
488	29
488	30
488	31
488	41
488	42
488	43
488	44
488	45
489	21
489	22
489	23
489	24
489	25
489	26
489	27
489	28
489	29
489	30
489	31
489	41
489	42
489	43
489	44
489	45
490	21
490	22
490	23
490	24
490	25
490	26
490	27
490	28
490	29
490	30
490	31
490	41
490	42
490	43
490	44
490	45
491	21
491	22
491	23
491	24
491	25
491	26
491	28
491	29
491	30
491	31
491	32
491	41
491	42
491	43
491	44
491	45
492	21
492	22
492	23
492	24
492	25
492	26
492	28
492	29
492	30
492	31
492	32
492	41
492	42
492	43
492	44
492	45
493	21
493	22
493	23
493	24
493	25
493	26
493	28
493	29
493	30
493	31
493	32
493	33
493	41
493	42
493	43
493	44
493	45
494	21
494	22
494	23
494	24
494	25
494	26
494	30
494	31
494	32
494	33
494	34
494	41
494	42
494	43
494	44
494	45
495	21
495	22
495	23
495	24
495	25
495	26
495	30
495	31
495	32
495	33
495	34
495	41
495	42
495	43
495	44
495	45
496	21
496	22
496	23
496	24
496	25
496	26
496	30
496	31
496	32
496	33
496	34
496	35
496	41
496	42
496	43
496	44
496	45
497	21
497	22
497	23
497	24
497	25
497	26
497	31
497	32
497	33
497	34
497	35
497	41
497	42
497	43
497	44
497	45
498	21
498	22
498	23
498	24
498	25
498	26
498	31
498	32
498	33
498	34
498	35
498	36
498	41
498	42
498	43
498	44
498	45
499	21
499	22
499	23
499	24
499	25
499	26
499	32
499	33
499	34
499	35
499	36
499	42
499	43
499	44
499	45
499	46
500	21
500	22
500	23
500	24
500	25
500	26
500	32
500	33
500	34
500	35
500	36
500	42
500	43
500	44
500	45
500	46
500	47
501	21
501	22
501	23
501	24
501	25
501	26
501	32
501	33
501	34
501	35
501	36
501	43
501	44
501	45
501	46
501	47
502	21
502	22
502	23
502	24
502	25
502	26
502	33
502	34
502	35
502	36
502	37
502	43
502	44
502	45
502	46
502	47
503	22
503	23
503	24
503	25
503	26
503	33
503	34
503	35
503	36
503	37
503	43
503	44
503	45
503	46
503	47
504	22
504	23
504	24
504	25
504	26
504	34
504	35
504	36
504	37
504	38
504	43
504	44
504	45
504	46
504	47
505	22
505	23
505	24
505	25
505	26
505	34
505	35
505	36
505	37
505	38
505	39
505	43
505	44
505	45
505	46
505	47
506	22
506	23
506	24
506	25
506	26
506	35
506	36
506	37
506	38
506	39
506	44
506	45
506	46
506	47
506	48
507	22
507	23
507	24
507	25
507	26
507	36
507	37
507	38
507	39
507	40
507	44
507	45
507	46
507	47
507	48
508	22
508	23
508	24
508	25
508	26
508	37
508	38
508	39
508	40
508	41
508	45
508	46
508	47
508	48
508	49
509	22
509	23
509	24
509	25
509	26
509	37
509	38
509	39
509	40
509	41
509	45
509	46
509	47
509	48
509	49
510	22
510	23
510	24
510	25
510	26
510	27
510	37
510	38
510	39
510	40
510	41
510	45
510	46
510	47
510	48
510	49
511	22
511	23
511	24
511	25
511	26
511	27
511	37
511	38
511	39
511	40
511	41
511	45
511	46
511	47
511	48
511	49
512	22
512	23
512	24
512	25
512	26
512	27
512	28
512	37
512	38
512	39
512	40
512	41
512	45
512	46
512	47
512	48
512	49
513	22
513	23
513	24
513	25
513	26
513	27
513	28
513	37
513	38
513	39
513	40
513	41
513	45
513	46
513	47
513	48
513	49
514	22
514	23
514	24
514	25
514	26
514	27
514	28
514	37
514	38
514	39
514	40
514	41
514	45
514	46
514	47
514	48
514	49
515	22
515	23
515	24
515	25
515	26
515	27
515	28
515	37
515	38
515	39
515	40
515	41
515	45
515	46
515	47
515	48
515	49
516	22
516	23
516	24
516	25
516	26
516	27
516	28
516	38
516	39
516	40
516	41
516	42
516	45
516	46
516	47
516	48
516	49
517	22
517	23
517	24
517	25
517	26
517	27
517	28
517	38
517	39
517	40
517	41
517	42
517	43
517	45
517	46
517	47
517	48
517	49
518	23
518	24
518	25
518	26
518	27
518	28
518	39
518	40
518	41
518	42
518	43
518	45
518	46
518	47
518	48
518	49
519	23
519	24
519	25
519	26
519	27
519	28
519	29
519	39
519	40
519	41
519	42
519	43
519	44
519	45
519	46
519	47
519	48
519	49
520	24
520	25
520	26
520	27
520	28
520	29
520	30
520	40
520	41
520	42
520	43
520	44
520	45
520	46
520	47
520	48
520	49
521	24
521	25
521	26
521	27
521	28
521	29
521	30
521	31
521	41
521	42
521	43
521	44
521	45
521	46
521	47
521	48
521	49
522	24
522	25
522	26
522	27
522	28
522	29
522	30
522	31
522	42
522	43
522	44
522	45
522	46
522	47
522	48
522	49
523	25
523	26
523	27
523	28
523	29
523	30
523	31
523	44
523	45
523	46
523	47
523	48
523	49
523	50
524	25
524	26
524	27
524	28
524	29
524	30
524	31
524	44
524	45
524	46
524	47
524	48
524	49
524	50
525	26
525	27
525	28
525	29
525	30
525	31
525	44
525	45
525	46
525	47
525	48
525	49
525	50
526	26
526	27
526	28
526	29
526	30
526	31
526	44
526	45
526	46
526	47
526	48
526	49
526	50
527	27
527	28
527	29
527	30
527	31
527	32
527	44
527	45
527	46
527	47
527	48
527	49
527	50
528	27
528	28
528	29
528	30
528	31
528	32
528	44
528	45
528	46
528	47
528	48
528	49
528	50
529	27
529	28
529	29
529	30
529	31
529	32
529	44
529	45
529	46
529	47
529	48
530	28
530	29
530	30
530	31
530	32
530	33
531	28
531	29
531	30
531	31
531	32
531	33
532	28
532	29
532	30
532	31
532	32
532	33
533	28
533	29
533	30
533	31
533	32
533	33
534	29
534	30
534	31
534	32
534	33
534	34
535	29
535	30
535	31
535	32
535	33
535	34
536	29
536	30
536	31
536	32
536	33
536	34
536	35
537	31
537	32
537	33
537	34
537	35
538	31
538	32
538	33
538	34
538	35
538	36
539	31
539	32
539	33
539	34
539	35
539	36
539	37
540	32
540	33
540	34
540	35
540	36
540	37
541	33
541	34
541	35
541	36
541	37
542	33
542	34
542	35
542	36
542	37
542	38
543	33
543	34
543	35
543	36
543	37
543	38
544	34
544	35
544	36
544	37
544	38
544	39
545	35
545	36
545	37
545	38
545	39
546	35
546	36
546	37
546	38
546	39
546	40
547	35
547	36
547	37
547	38
547	39
547	40
548	35
548	36
548	37
548	38
548	39
548	40
549	36
549	37
549	38
549	39
549	40
550	36
550	37
550	38
550	39
550	40
550	41
551	36
551	37
551	38
551	39
551	40
551	41
551	42
551	43
552	36
552	37
552	38
552	39
552	40
552	41
552	42
552	43
552	44
552	45
553	37
553	38
553	39
553	40
553	41
553	42
553	43
553	44
553	45
554	38
554	39
554	40
554	41
554	42
554	43
554	44
554	45
555	38
555	39
555	40
555	41
555	42
555	43
555	44
555	45
556	39
556	40
556	41
556	42
556	43
556	44
556	45
556	46
557	40
557	41
557	42
557	43
557	44
557	45
557	46
558	41
558	42
558	43
558	44
558	45
558	46
559	41
559	42
559	43
559	44
559	45
559	46
559	47
560	41
560	42
560	43
560	44
560	45
560	46
560	47
560	48
561	42
561	43
561	44
561	45
561	46
561	47
561	48
562	42
562	43
562	44
562	45
562	46
562	47
562	48
562	49
563	43
563	44
563	45
563	46
563	47
563	48
563	49
563	50
564	43
564	44
564	45
564	46
564	47
564	48
564	49
564	50
564	51
565	43
565	44
565	45
565	46
565	47
565	48
565	49
565	50
565	51
566	44
566	45
566	46
566	47
566	48
567	44
567	45
567	46
567	47
567	48
567	49
567	50
567	51
567	52
568	44
568	45
568	46
568	47
568	48
568	49
568	50
568	51
568	52
569	44
569	45
569	46
569	47
569	48
569	49
569	50
569	51
569	52
570	44
570	45
570	46
570	47
570	48
570	49
570	50
570	51
570	52
571	46
571	47
571	48
571	49
571	50
571	51
571	52
572	46
572	47
572	48
572	49
572	50
572	51
572	52
572	53
572	54
573	46
573	47
573	48
573	49
573	50
573	51
573	52
573	53
573	54
574	47
574	48
574	49
574	50
574	51
574	52
574	53
574	54
574	55
575	48
575	49
575	50
575	51
575	52
575	53
575	54
575	55
576	48
576	49
576	50
576	51
576	52
576	53
576	54
576	55
577	49
577	50
577	51
577	52
577	53
577	54
577	55
577	56
578	50
578	51
578	52
578	53
578	54
578	55
578	56
579	50
579	51
579	52
579	53
579	54
579	55
579	56
579	57
580	51
580	52
580	53
580	54
580	55
580	56
580	57
580	58
581	51
581	52
581	53
581	54
581	55
581	56
581	57
581	58
582	51
582	52
582	53
582	54
582	55
582	56
582	57
582	58
583	52
583	53
583	54
583	55
583	56
583	57
583	58
584	53
584	54
584	55
584	56
584	57
584	58
585	53
585	54
585	55
585	56
585	57
585	58
586	54
586	55
586	56
586	57
586	58
587	54
587	55
587	56
587	57
587	58
587	59
587	60
588	54
588	55
588	56
588	57
588	58
588	59
588	60
589	54
589	55
589	56
589	57
589	58
589	59
589	60
590	54
590	55
590	56
590	57
590	58
590	59
590	60
590	61
590	62
591	54
591	55
591	56
591	57
591	58
591	59
591	60
591	61
591	62
592	54
592	55
592	56
592	57
592	58
593	54
593	55
593	56
593	57
593	58
593	59
593	60
593	61
593	62
593	63
594	54
594	55
594	56
594	57
594	58
594	59
594	60
594	61
594	62
594	63
594	64
595	54
595	55
595	56
595	57
595	58
595	60
595	61
595	62
595	63
595	64
596	54
596	55
596	56
596	57
596	58
596	60
596	61
596	62
596	63
596	64
597	55
597	56
597	57
597	58
597	59
597	60
597	61
597	62
597	63
597	64
598	55
598	56
598	57
598	58
598	59
598	60
598	61
598	62
598	63
598	64
599	55
599	56
599	57
599	58
599	59
599	61
599	62
599	63
599	64
599	65
599	66
600	55
600	56
600	57
600	58
600	59
600	62
600	63
600	64
600	65
600	66
601	55
601	56
601	57
601	58
601	59
601	62
601	63
601	64
601	65
601	66
602	56
602	57
602	58
602	59
602	60
602	62
602	63
602	64
602	65
602	66
602	67
603	57
603	58
603	59
603	60
603	61
603	63
603	64
603	65
603	66
603	67
604	57
604	58
604	59
604	60
604	61
604	63
604	64
604	65
604	66
604	67
605	58
605	59
605	60
605	61
605	62
605	64
605	65
605	66
605	67
605	68
605	69
606	58
606	59
606	60
606	61
606	62
606	65
606	66
606	67
606	68
606	69
606	70
607	58
607	59
607	60
607	61
607	62
607	66
607	67
607	68
607	69
607	70
608	59
608	60
608	61
608	62
608	63
608	67
608	68
608	69
608	70
608	71
609	67
609	68
609	69
609	70
609	71
610	60
610	61
610	62
610	63
610	64
610	67
610	68
610	69
610	70
610	71
611	60
611	61
611	62
611	63
611	64
611	65
611	67
611	68
611	69
611	70
611	71
612	62
612	63
612	64
612	65
612	66
612	67
612	68
612	69
612	70
612	71
613	62
613	63
613	64
613	65
613	66
613	67
613	68
613	69
613	70
613	71
614	63
614	64
614	65
614	66
614	67
614	68
614	69
614	70
614	71
615	64
615	65
615	66
615	67
615	68
615	69
615	70
615	71
616	65
616	66
616	67
616	68
616	69
616	70
616	71
617	66
617	67
617	68
617	69
617	70
617	71
617	72
618	67
618	68
618	69
618	70
618	71
618	72
619	67
619	68
619	69
619	70
619	71
619	72
620	68
620	69
620	70
620	71
620	72
620	73
620	74
621	68
621	69
621	70
621	71
621	72
621	73
621	74
622	68
622	69
622	70
622	71
622	72
622	73
622	74
623	69
623	70
623	71
623	72
623	73
623	74
623	75
624	69
624	70
624	71
624	72
624	73
624	74
624	75
624	76
625	69
625	70
625	71
625	72
625	73
625	74
625	75
625	76
626	70
626	71
626	72
626	73
626	74
626	75
626	76
626	77
627	71
627	72
627	73
627	74
627	75
627	76
627	77
627	78
628	74
628	75
628	76
628	77
628	78
629	71
629	72
629	73
629	74
629	75
629	76
629	77
629	78
630	72
630	73
630	74
630	75
630	76
630	77
630	78
630	79
631	73
631	74
631	75
631	76
631	77
631	78
631	79
632	74
632	75
632	76
632	77
632	78
632	79
632	80
633	74
633	75
633	76
633	77
633	78
633	79
633	80
634	74
634	75
634	76
634	77
634	78
634	79
634	80
634	81
635	75
635	76
635	77
635	78
635	79
635	80
635	81
636	75
636	76
636	77
636	78
636	79
636	80
636	81
637	77
637	78
637	79
637	80
637	81
638	78
638	79
638	80
638	81
638	82
