1	126
1	127
1	128
2	126
2	127
2	128
3	126
3	127
3	128
4	126
4	127
4	128
6	125
6	126
6	127
7	125
7	126
7	127
8	124
8	125
8	126
9	124
9	125
9	126
10	123
10	124
10	125
11	123
11	124
11	125
12	123
12	124
12	125
13	123
13	124
13	125
14	123
14	124
14	125
15	123
15	124
15	125
16	123
16	124
16	125
17	123
17	124
17	125
18	123
18	124
18	125
19	123
19	124
19	125
20	123
20	124
20	125
21	123
21	124
21	125
22	123
22	124
22	125
23	123
23	124
23	125
24	123
24	124
24	125
25	123
25	124
25	125
26	123
26	124
26	125
27	123
27	124
27	125
28	123
28	124
28	125
29	123
29	124
29	125
30	123
30	124
30	125
30	126
30	127
31	124
31	125
31	126
31	127
31	128
32	123
32	124
32	125
32	126
32	127
32	128
32	129
33	123
33	124
33	125
33	126
33	127
33	128
33	129
34	123
34	124
34	125
34	126
34	127
34	128
34	129
35	123
35	124
35	125
35	126
35	127
35	128
35	129
36	122
36	123
36	124
36	125
36	126
36	127
36	128
36	129
37	122
37	123
37	124
37	125
37	126
37	127
37	128
37	129
38	122
38	123
38	124
38	125
38	126
38	127
38	128
38	129
39	121
39	122
39	123
39	125
39	126
39	127
39	128
39	129
40	121
40	122
40	123
40	125
40	126
40	127
40	128
40	129
40	130
41	121
41	122
41	123
41	125
41	126
41	127
41	128
41	129
41	130
42	121
42	122
42	123
42	125
42	126
42	127
42	128
42	129
42	130
43	121
43	122
43	123
43	126
43	127
43	128
43	129
43	130
44	121
44	122
44	123
44	126
44	127
44	128
44	129
44	130
45	121
45	122
45	123
45	127
45	128
45	129
45	130
46	121
46	122
46	123
46	128
46	129
46	130
47	121
47	122
47	123
47	129
47	130
47	131
48	121
48	122
48	123
48	128
48	129
48	130
48	131
49	121
49	122
49	123
49	128
49	129
49	130
49	131
49	132
50	121
50	122
50	123
50	129
50	130
50	131
50	132
51	121
51	122
51	123
51	129
51	130
51	131
51	132
52	121
52	122
52	123
52	129
52	130
52	131
52	132
52	133
53	120
53	121
53	122
53	129
53	130
53	131
53	132
53	133
54	119
54	120
54	121
54	130
54	131
54	132
54	133
55	119
55	120
55	121
55	130
55	131
55	132
55	133
56	119
56	120
56	121
56	130
56	131
56	132
56	133
57	119
57	120
57	121
57	131
57	132
57	133
57	134
58	119
58	120
58	121
58	131
58	132
58	133
58	134
59	119
59	120
59	121
59	131
59	132
59	133
59	134
60	119
60	120
60	121
60	131
60	132
60	133
60	134
61	119
61	120
61	121
61	131
61	132
61	133
61	134
62	119
62	120
62	121
62	131
62	132
62	133
62	134
63	118
63	119
63	120
63	132
63	133
63	134
64	118
64	119
64	120
64	132
64	133
64	134
64	135
64	175
64	176
64	177
64	178
64	179
64	180
64	181
64	182
64	183
64	184
64	185
64	186
64	187
65	118
65	119
65	120
65	132
65	133
65	134
65	135
65	136
65	174
65	175
65	176
65	185
65	186
65	187
65	188
66	118
66	119
66	120
66	132
66	133
66	134
66	135
66	136
66	173
66	174
66	175
66	181
66	182
66	183
66	184
66	185
66	186
66	187
66	188
66	189
67	118
67	119
67	120
67	132
67	133
67	134
67	135
67	136
67	172
67	173
67	174
67	175
67	178
67	179
67	180
67	181
67	182
67	187
67	188
67	189
68	118
68	119
68	120
68	132
68	133
68	134
68	135
68	136
68	175
68	176
68	177
68	178
68	188
68	189
68	190
68	191
69	118
69	119
69	120
69	132
69	133
69	134
69	135
69	136
69	171
69	172
69	173
69	174
69	175
69	176
69	177
69	189
69	190
69	191
69	192
70	118
70	119
70	120
70	132
70	133
70	134
70	135
70	136
70	170
70	171
70	172
70	173
70	174
70	175
70	176
70	189
70	190
70	191
70	192
71	118
71	119
71	120
71	132
71	133
71	134
71	135
71	136
71	170
71	171
71	172
71	173
71	174
71	189
71	190
71	191
71	192
71	193
72	118
72	119
72	120
72	132
72	133
72	134
72	135
72	136
72	137
72	189
72	190
72	191
72	192
72	193
73	117
73	118
73	119
73	120
73	132
73	133
73	134
73	168
73	169
73	170
73	171
73	172
73	190
73	191
73	192
73	193
74	116
74	117
74	118
74	132
74	133
74	134
74	135
74	136
74	137
74	168
74	169
74	170
74	171
74	190
74	191
74	192
74	193
74	194
75	116
75	117
75	118
75	132
75	133
75	134
75	168
75	169
75	170
75	191
75	192
75	193
75	194
76	116
76	117
76	118
76	132
76	133
76	134
76	135
76	136
76	137
76	167
76	168
76	169
76	170
76	192
76	193
76	194
76	195
77	116
77	117
77	118
77	133
77	134
77	135
77	166
77	167
77	168
77	169
77	192
77	193
77	194
77	195
77	196
78	116
78	117
78	118
78	133
78	134
78	135
78	136
78	137
78	138
78	166
78	167
78	168
78	193
78	194
78	195
78	196
78	197
79	116
79	117
79	118
79	133
79	134
79	135
79	136
79	137
79	138
79	165
79	166
79	167
79	168
79	194
79	195
79	196
79	197
79	198
80	116
80	117
80	118
80	135
80	136
80	137
80	138
80	139
80	164
80	165
80	166
80	167
80	194
80	195
80	196
80	197
80	198
81	116
81	117
81	118
81	135
81	136
81	137
81	138
81	139
81	164
81	165
81	166
81	194
81	195
81	196
81	197
81	198
81	199
82	116
82	117
82	118
82	135
82	136
82	137
82	138
82	139
82	164
82	165
82	166
82	195
82	196
82	197
82	198
82	199
83	135
83	136
83	137
83	138
83	139
83	164
83	165
83	166
83	196
83	197
83	198
83	199
83	200
84	116
84	117
84	118
84	137
84	138
84	139
84	163
84	164
84	165
84	166
84	196
84	197
84	198
84	199
84	200
85	116
85	117
85	118
85	136
85	137
85	138
85	139
85	140
85	162
85	163
85	164
85	165
85	196
85	197
85	198
85	199
85	200
86	116
86	117
86	118
86	138
86	139
86	140
86	162
86	163
86	164
86	165
86	197
86	198
86	199
86	200
87	116
87	117
87	118
87	137
87	138
87	139
87	140
87	162
87	163
87	164
87	165
87	197
87	198
87	199
87	200
88	116
88	117
88	118
88	138
88	139
88	140
88	162
88	163
88	164
88	197
88	198
88	199
88	200
89	116
89	117
89	118
89	137
89	138
89	139
89	140
89	161
89	162
89	163
89	164
89	197
89	198
89	199
89	200
89	201
90	116
90	117
90	118
90	137
90	138
90	139
90	140
90	161
90	162
90	163
90	197
90	198
90	199
90	200
90	201
91	116
91	117
91	118
91	139
91	140
91	141
91	160
91	161
91	162
91	163
91	197
91	198
91	199
91	200
91	201
92	116
92	117
92	118
92	137
92	138
92	139
92	140
92	141
92	199
92	200
92	201
93	116
93	117
93	118
93	139
93	140
93	141
93	159
93	160
93	161
93	162
93	198
93	199
93	200
93	201
94	115
94	116
94	117
94	137
94	138
94	139
94	140
94	141
94	158
94	159
94	160
94	161
94	162
94	198
94	199
94	200
94	201
95	115
95	116
95	117
95	137
95	138
95	139
95	140
95	141
95	157
95	158
95	159
95	160
95	161
95	162
95	198
95	199
95	200
95	201
96	115
96	116
96	117
96	137
96	138
96	139
96	140
96	141
96	157
96	158
96	159
96	198
96	199
96	200
96	201
97	115
97	116
97	117
97	138
97	139
97	140
97	141
97	142
97	157
97	158
97	159
97	160
97	161
97	198
97	199
97	200
97	201
98	114
98	115
98	116
98	138
98	139
98	140
98	141
98	142
98	143
98	157
98	158
98	159
98	160
98	198
98	199
98	200
98	201
99	114
99	115
99	116
99	141
99	142
99	143
99	156
99	157
99	158
99	159
99	199
99	200
99	201
99	202
99	203
100	113
100	114
100	115
100	139
100	140
100	141
100	142
100	143
100	155
100	156
100	157
100	158
100	159
100	199
100	200
100	201
100	202
100	203
101	113
101	114
101	115
101	141
101	142
101	143
101	155
101	156
101	157
101	158
101	199
101	200
101	201
101	202
101	203
102	113
102	114
102	115
102	140
102	141
102	142
102	143
102	155
102	156
102	157
102	158
102	199
102	200
102	201
102	202
102	203
103	113
103	114
103	115
103	140
103	141
103	142
103	143
103	144
103	155
103	156
103	157
103	199
103	200
103	201
103	202
103	203
104	140
104	141
104	142
104	143
104	144
104	154
104	155
104	156
104	157
104	199
104	200
104	201
104	202
104	203
105	112
105	113
105	114
105	140
105	141
105	142
105	143
105	144
105	154
105	155
105	156
105	201
105	202
105	203
106	112
106	113
106	114
106	140
106	141
106	142
106	143
106	144
106	154
106	155
106	156
106	200
106	201
106	202
107	112
107	113
107	114
107	141
107	142
107	143
107	144
107	153
107	154
107	155
107	156
107	200
107	201
107	202
108	112
108	113
108	114
108	141
108	142
108	143
108	144
108	153
108	154
108	155
108	200
108	201
108	202
108	203
108	204
109	112
109	113
109	114
109	141
109	142
109	143
109	144
109	153
109	154
109	155
109	200
109	201
109	202
109	203
109	204
110	112
110	113
110	114
110	141
110	142
110	143
110	144
110	145
110	153
110	154
110	155
110	200
110	201
110	202
110	203
110	204
111	112
111	113
111	114
111	141
111	142
111	143
111	144
111	145
111	153
111	154
111	155
111	200
111	201
111	202
111	203
111	204
112	112
112	113
112	114
112	141
112	142
112	143
112	152
112	153
112	154
112	155
112	200
112	201
112	202
112	203
112	204
113	112
113	113
113	114
113	142
113	143
113	144
113	145
113	146
113	151
113	152
113	153
113	154
113	155
113	200
113	201
113	202
113	203
113	204
114	112
114	113
114	114
114	142
114	143
114	144
114	145
114	146
114	151
114	152
114	153
114	154
114	200
114	201
114	202
115	112
115	113
115	114
115	143
115	144
115	145
115	146
115	147
115	151
115	152
115	153
115	200
115	201
115	202
115	203
115	204
116	112
116	113
116	114
116	143
116	144
116	145
116	146
116	147
116	151
116	152
116	153
116	154
116	200
116	201
116	202
117	112
117	113
117	114
117	143
117	144
117	145
117	146
117	147
117	150
117	151
117	152
117	153
117	154
117	200
117	201
117	202
117	203
117	204
118	111
118	112
118	113
118	114
118	144
118	145
118	146
118	147
118	150
118	151
118	152
118	153
118	154
118	200
118	201
118	202
118	203
118	204
119	111
119	112
119	113
119	144
119	145
119	146
119	147
119	149
119	150
119	151
119	152
119	153
119	154
119	200
119	201
119	202
119	203
119	204
120	111
120	112
120	113
120	144
120	145
120	146
120	147
120	149
120	150
120	151
120	152
120	153
120	154
120	200
120	201
120	202
120	203
120	204
121	110
121	111
121	112
121	144
121	145
121	146
121	147
121	148
121	149
121	150
121	151
121	152
121	153
121	200
121	201
121	202
122	110
122	111
122	112
122	144
122	145
122	146
122	147
122	148
122	149
122	150
122	151
122	152
122	153
122	200
122	201
122	202
122	203
122	204
123	110
123	111
123	112
123	146
123	147
123	148
123	149
123	150
123	151
123	152
123	200
123	201
123	202
123	203
123	204
124	110
124	111
124	112
124	145
124	146
124	147
124	148
124	150
124	151
124	152
124	201
124	202
124	203
124	204
125	110
125	111
125	112
125	146
125	147
125	148
125	149
125	150
125	151
125	201
125	202
125	203
125	204
126	110
126	111
126	112
126	145
126	146
126	147
126	148
126	149
126	150
126	151
126	201
126	202
126	203
126	204
127	110
127	111
127	112
127	146
127	147
127	148
127	149
127	150
127	151
127	201
127	202
127	203
127	204
128	110
128	111
128	112
128	144
128	145
128	146
128	147
128	148
128	149
128	201
128	202
128	203
128	204
129	110
129	111
129	112
129	144
129	145
129	146
129	147
129	148
129	149
129	150
129	201
129	202
129	203
129	204
130	110
130	111
130	112
130	143
130	144
130	145
130	146
130	147
130	148
130	149
130	150
130	201
130	202
130	203
130	204
131	109
131	110
131	111
131	147
131	148
131	149
131	150
131	202
131	203
131	204
132	109
132	110
132	111
132	143
132	144
132	145
132	147
132	148
132	149
132	150
132	202
132	203
132	204
133	109
133	110
133	111
133	142
133	143
133	144
133	145
133	147
133	148
133	149
133	150
133	202
133	203
133	204
134	109
134	110
134	111
134	141
134	142
134	143
134	147
134	148
134	149
134	150
134	202
134	203
134	204
135	109
135	110
135	111
135	141
135	142
135	143
135	147
135	148
135	149
135	150
135	202
135	203
135	204
136	109
136	110
136	111
136	141
136	142
136	143
136	148
136	149
136	150
136	202
136	203
136	204
137	109
137	110
137	111
137	141
137	142
137	143
137	149
137	150
137	151
137	202
137	203
137	204
138	109
138	110
138	111
138	141
138	142
138	143
138	149
138	150
138	151
138	152
138	202
138	203
138	204
139	109
139	110
139	111
139	141
139	142
139	143
139	150
139	151
139	152
139	202
139	203
139	204
140	109
140	110
140	111
140	141
140	142
140	143
140	151
140	152
140	153
140	202
140	203
140	204
141	109
141	110
141	111
141	141
141	142
141	143
141	151
141	152
141	153
141	202
141	203
141	204
142	109
142	110
142	111
142	141
142	142
142	143
142	151
142	152
142	153
142	202
142	203
142	204
143	109
143	110
143	111
143	141
143	142
143	143
143	151
143	152
143	153
143	202
143	203
143	204
144	109
144	110
144	111
144	141
144	142
144	143
144	152
144	153
144	154
144	202
144	203
144	204
145	109
145	110
145	111
145	141
145	142
145	143
145	152
145	153
145	154
145	202
145	203
145	204
146	109
146	110
146	111
146	141
146	142
146	143
146	152
146	153
146	154
146	202
146	203
146	204
147	109
147	110
147	111
147	141
147	142
147	143
147	152
147	153
147	154
147	202
147	203
147	204
147	205
148	109
148	110
148	111
148	141
148	142
148	143
148	152
148	153
148	154
148	202
148	203
148	204
148	205
149	109
149	110
149	111
149	153
149	154
149	155
149	202
149	203
149	204
149	205
150	109
150	110
150	111
150	141
150	142
150	143
150	153
150	154
150	155
150	202
150	203
150	204
150	205
151	109
151	110
151	111
151	141
151	142
151	143
151	153
151	154
151	155
151	202
151	203
151	204
151	205
152	109
152	110
152	111
152	141
152	142
152	143
152	153
152	154
152	155
152	203
152	204
152	205
153	109
153	110
153	111
153	141
153	142
153	143
153	154
153	155
153	156
153	202
153	203
153	204
153	205
154	109
154	110
154	111
154	141
154	142
154	143
154	155
154	156
154	157
154	202
154	203
154	204
154	205
155	109
155	110
155	111
155	141
155	142
155	143
155	155
155	156
155	157
155	202
155	203
155	204
155	205
156	108
156	109
156	110
156	111
156	155
156	156
156	157
156	202
156	203
156	204
156	205
157	107
157	108
157	109
157	141
157	142
157	143
157	155
157	156
157	157
157	202
157	203
157	204
157	205
158	107
158	108
158	109
158	141
158	142
158	143
158	155
158	156
158	157
158	202
158	203
158	204
158	205
159	107
159	108
159	109
159	141
159	142
159	143
160	107
160	108
160	109
160	141
160	142
160	143
160	155
160	156
160	157
160	202
160	203
160	204
160	205
161	107
161	108
161	109
161	141
161	142
161	143
162	107
162	108
162	109
162	141
162	142
162	143
162	155
162	156
162	157
162	201
162	202
162	203
162	204
162	205
163	107
163	108
163	109
163	141
163	142
163	143
163	156
163	157
163	158
163	201
163	202
163	203
164	107
164	108
164	109
164	141
164	142
164	143
164	201
164	202
164	203
164	204
164	205
165	107
165	108
165	109
165	141
165	142
165	143
165	201
165	202
165	203
166	107
166	108
166	109
166	141
166	142
166	143
166	157
166	158
166	159
166	201
166	202
166	203
166	204
166	205
167	107
167	108
167	109
167	141
167	142
167	143
167	157
167	158
167	159
167	201
167	202
167	203
168	107
168	108
168	109
168	141
168	142
168	143
168	201
168	202
168	203
168	204
168	205
169	107
169	108
169	109
169	141
169	142
169	143
169	157
169	158
169	159
170	107
170	108
170	109
170	141
170	142
170	143
170	157
170	158
170	159
170	160
170	201
170	202
170	203
170	204
170	205
171	107
171	108
171	109
171	141
171	142
171	143
171	158
171	159
171	160
171	203
171	204
171	205
172	107
172	108
172	109
172	158
172	159
172	160
172	201
172	202
172	203
172	204
172	205
173	107
173	108
173	109
173	158
173	159
173	160
173	203
173	204
173	205
174	107
174	108
174	109
174	141
174	142
174	143
174	159
174	160
174	161
174	203
174	204
174	205
175	107
175	108
175	109
175	141
175	142
175	143
175	160
175	161
175	162
175	201
175	202
175	203
175	204
175	205
176	107
176	108
176	109
176	141
176	142
176	143
176	160
176	161
176	162
177	107
177	108
177	109
177	141
177	142
177	143
177	160
177	161
177	162
177	203
177	204
177	205
178	107
178	108
178	109
178	160
178	161
178	162
178	201
178	202
178	203
178	204
178	205
179	107
179	108
179	109
179	141
179	142
179	143
179	160
179	161
179	162
179	203
179	204
179	205
180	107
180	108
180	109
180	141
180	142
180	143
180	161
180	162
180	163
180	203
180	204
180	205
181	107
181	108
181	109
181	141
181	142
181	143
181	161
181	162
181	163
181	201
181	202
181	203
181	204
181	205
182	107
182	108
182	109
182	141
182	142
182	143
182	161
182	162
182	163
182	203
182	204
182	205
183	107
183	108
183	109
183	141
183	142
183	143
183	201
183	202
183	203
183	204
183	205
184	107
184	108
184	109
184	141
184	142
184	143
184	162
184	163
184	164
184	203
184	204
184	205
185	107
185	108
185	109
185	141
185	142
185	143
185	162
185	163
185	164
185	201
185	202
185	203
185	204
185	205
186	107
186	108
186	109
186	162
186	163
186	164
186	201
186	202
186	203
186	204
186	205
187	141
187	142
187	143
187	162
187	163
187	164
187	201
187	202
187	203
187	204
187	205
188	106
188	107
188	108
188	141
188	142
188	143
188	163
188	164
188	165
188	201
188	202
188	203
188	204
189	106
189	107
189	108
189	141
189	142
189	143
189	163
189	164
189	165
189	201
189	202
189	203
190	105
190	106
190	107
190	141
190	142
190	143
190	163
190	164
190	165
190	201
190	202
190	203
190	204
191	105
191	106
191	107
191	141
191	142
191	143
191	163
191	164
191	165
191	201
191	202
191	203
191	204
192	105
192	106
192	107
192	141
192	142
192	143
192	163
192	164
192	165
192	201
192	202
192	203
192	204
193	105
193	106
193	107
193	141
193	142
193	143
193	163
193	164
193	165
193	201
193	202
193	203
194	105
194	106
194	107
194	141
194	142
194	143
194	163
194	164
194	165
194	201
194	202
194	203
194	204
195	105
195	106
195	107
195	141
195	142
195	143
195	164
195	165
195	166
195	200
195	201
195	202
196	105
196	106
196	107
196	141
196	142
196	143
196	164
196	165
196	166
196	200
196	201
196	202
196	203
196	204
197	105
197	106
197	107
197	141
197	142
197	143
197	164
197	165
197	166
197	200
197	201
197	202
197	203
197	204
198	104
198	105
198	106
198	141
198	142
198	143
198	164
198	165
198	166
198	200
198	201
198	202
199	104
199	105
199	106
199	141
199	142
199	143
199	164
199	165
199	166
199	201
199	202
199	203
200	104
200	105
200	106
200	141
200	142
200	143
200	164
200	165
200	166
200	200
200	201
200	202
200	203
201	104
201	105
201	106
201	141
201	142
201	143
201	164
201	165
201	166
201	200
201	201
201	202
201	203
202	104
202	105
202	106
202	141
202	142
202	143
202	165
202	166
202	167
202	200
202	201
202	202
202	203
203	104
203	105
203	106
203	141
203	142
203	143
203	165
203	166
203	167
203	201
203	202
203	203
204	104
204	105
204	106
204	141
204	142
204	143
204	165
204	166
204	167
204	199
204	200
204	201
204	202
204	203
205	104
205	105
205	106
205	141
205	142
205	143
205	165
205	166
205	167
205	198
205	199
205	200
206	104
206	105
206	106
206	165
206	166
206	167
206	198
206	199
206	200
206	201
206	202
206	203
207	104
207	105
207	106
207	141
207	142
207	143
207	165
207	166
207	167
207	198
207	199
207	200
207	201
207	202
207	203
208	104
208	105
208	106
208	141
208	142
208	143
208	165
208	166
208	167
208	198
208	199
208	200
208	201
208	202
208	203
209	104
209	105
209	106
209	141
209	142
209	143
209	165
209	166
209	167
209	198
209	199
209	200
209	201
209	202
209	203
210	104
210	105
210	106
210	141
210	142
210	143
210	165
210	166
210	167
210	198
210	199
210	200
210	201
210	202
210	203
211	104
211	105
211	106
211	141
211	142
211	143
211	165
211	166
211	167
211	198
211	199
211	200
211	201
211	202
211	203
212	104
212	105
212	106
212	141
212	142
212	143
212	165
212	166
212	167
212	168
212	197
212	198
212	199
212	200
212	201
212	202
213	104
213	105
213	106
213	141
213	142
213	143
213	166
213	167
213	168
213	197
213	198
213	199
213	200
213	201
213	202
214	104
214	105
214	106
214	141
214	142
214	143
214	166
214	167
214	168
214	197
214	198
214	199
214	200
214	201
214	202
215	141
215	142
215	143
215	166
215	167
215	168
215	197
215	198
215	199
215	200
215	201
215	202
216	103
216	104
216	105
216	141
216	142
216	143
216	166
216	167
216	168
216	169
216	200
216	201
216	202
217	103
217	104
217	105
217	141
217	142
217	143
217	167
217	168
217	169
217	196
217	197
217	198
217	200
217	201
217	202
218	103
218	104
218	105
218	141
218	142
218	143
218	167
218	168
218	169
218	196
218	197
218	198
218	200
218	201
218	202
219	103
219	104
219	105
219	142
219	143
219	144
219	167
219	168
219	169
219	170
219	196
219	197
219	198
220	102
220	103
220	104
220	142
220	143
220	144
220	168
220	169
220	170
220	196
220	197
220	198
220	200
220	201
220	202
221	102
221	103
221	104
221	142
221	143
221	144
221	196
221	197
221	198
221	200
221	201
221	202
222	102
222	103
222	104
222	142
222	143
222	144
222	168
222	169
222	170
222	171
222	196
222	197
222	198
222	200
222	201
222	202
223	102
223	103
223	104
223	142
223	143
223	144
223	169
223	170
223	171
223	195
223	196
223	197
224	102
224	103
224	104
224	142
224	143
224	144
224	169
224	170
224	171
224	199
224	200
224	201
225	102
225	103
225	104
225	142
225	143
225	144
225	170
225	171
225	172
225	195
225	196
225	197
225	199
225	200
225	201
226	102
226	103
226	104
226	142
226	143
226	144
226	170
226	171
226	172
226	194
226	195
226	196
226	199
226	200
226	201
227	102
227	103
227	104
227	142
227	143
227	144
227	170
227	171
227	172
227	194
227	195
227	196
227	199
227	200
227	201
228	102
228	103
228	104
228	142
228	143
228	144
228	145
228	171
228	172
228	173
228	194
228	195
228	196
228	198
228	199
228	200
229	102
229	103
229	104
229	143
229	144
229	145
229	171
229	172
229	173
229	194
229	195
229	196
229	198
229	199
229	200
230	102
230	103
230	104
230	143
230	144
230	145
230	171
230	172
230	173
230	194
230	195
230	196
231	102
231	103
231	104
231	143
231	144
231	145
231	171
231	172
231	173
231	198
231	199
231	200
232	102
232	103
232	104
232	143
232	144
232	145
232	171
232	172
232	173
232	194
232	195
232	196
232	198
232	199
232	200
233	102
233	103
233	104
233	143
233	144
233	145
233	171
233	172
233	173
233	194
233	195
233	196
234	102
234	103
234	104
234	143
234	144
234	145
234	171
234	172
234	173
234	194
234	195
234	196
235	143
235	144
235	145
235	171
235	172
235	173
235	194
235	195
235	196
235	198
235	199
235	200
236	101
236	102
236	103
236	143
236	144
236	145
236	171
236	172
236	173
236	194
236	195
236	196
237	101
237	102
237	103
237	143
237	144
237	145
237	171
237	172
237	173
237	194
237	195
237	196
237	198
237	199
237	200
238	101
238	102
238	103
238	143
238	144
238	145
238	171
238	172
238	173
238	194
238	195
238	196
239	101
239	102
239	103
239	143
239	144
239	145
239	171
239	172
239	173
239	194
239	195
239	196
240	101
240	102
240	103
240	143
240	144
240	145
240	171
240	172
240	173
240	194
240	195
240	196
240	198
240	199
240	200
241	101
241	102
241	103
241	143
241	144
241	145
241	171
241	172
241	173
241	194
241	195
241	196
242	101
242	102
242	103
242	143
242	144
242	145
242	171
242	172
242	173
242	174
242	194
242	195
242	196
242	198
242	199
242	200
243	101
243	102
243	103
243	143
243	144
243	145
243	172
243	173
243	174
243	194
243	195
243	196
244	101
244	102
244	103
244	143
244	144
244	145
244	172
244	173
244	174
244	194
244	195
244	196
245	101
245	102
245	103
245	143
245	144
245	145
245	172
245	173
245	174
245	194
245	195
245	196
245	197
245	198
245	199
246	101
246	102
246	103
246	143
246	144
246	145
246	172
246	173
246	174
246	194
246	195
246	196
246	197
246	198
246	199
247	101
247	102
247	103
247	172
247	173
247	174
247	194
247	195
247	196
247	197
247	198
247	199
248	101
248	102
248	103
248	143
248	144
248	145
248	172
248	173
248	174
248	194
248	195
248	196
248	197
248	198
248	199
249	101
249	102
249	103
249	143
249	144
249	145
249	173
249	174
249	175
249	193
249	194
249	195
249	196
250	101
250	102
250	103
250	143
250	144
250	145
250	173
250	174
250	175
250	194
250	195
250	196
251	101
251	102
251	103
251	143
251	144
251	145
251	173
251	174
251	175
251	176
251	192
251	193
251	194
251	195
251	196
252	101
252	102
252	103
252	143
252	144
252	145
252	174
252	175
252	176
252	191
252	192
252	193
252	194
252	195
252	196
253	101
253	102
253	103
253	143
253	144
253	145
253	174
253	175
253	176
253	191
253	192
253	193
253	194
253	195
254	100
254	101
254	102
254	143
254	144
254	145
254	174
254	175
254	176
254	191
254	192
254	193
254	194
254	195
255	100
255	101
255	102
255	143
255	144
255	145
255	174
255	175
255	176
255	177
255	191
255	192
255	193
255	194
256	100
256	101
256	102
256	143
256	144
256	145
256	175
256	176
256	177
256	191
256	192
256	193
256	194
257	100
257	101
257	102
257	143
257	144
257	145
257	176
257	177
257	178
257	191
257	192
257	193
257	194
258	98
258	99
258	100
258	101
258	143
258	144
258	145
258	176
258	177
258	178
259	98
259	99
259	100
259	143
259	144
259	145
259	176
259	177
259	178
259	191
259	192
259	193
260	98
260	99
260	100
260	143
260	144
260	145
260	176
260	177
260	178
260	190
260	191
260	192
261	98
261	99
261	100
261	143
261	144
261	145
261	176
261	177
261	178
261	190
261	191
261	192
261	193
262	98
262	99
262	100
262	143
262	144
262	145
262	176
262	177
262	178
262	189
262	190
262	191
262	192
262	193
263	98
263	99
263	100
263	143
263	144
263	145
263	176
263	177
263	178
263	189
263	190
263	191
263	192
263	193
264	98
264	99
264	100
264	143
264	144
264	145
264	176
264	177
264	178
264	187
264	188
264	189
264	190
264	191
264	192
264	193
265	98
265	99
265	100
265	143
265	144
265	145
265	176
265	177
265	178
265	187
265	188
265	189
265	191
265	192
265	193
266	98
266	99
266	100
266	143
266	144
266	145
266	146
266	176
266	177
266	178
266	187
266	188
266	189
266	191
266	192
266	193
267	98
267	99
267	100
267	144
267	145
267	146
267	176
267	177
267	178
267	187
267	188
267	189
267	190
267	191
267	192
268	98
268	99
268	100
268	144
268	145
268	146
268	176
268	177
268	178
268	179
268	186
268	187
268	188
268	190
268	191
268	192
269	98
269	99
269	100
269	144
269	145
269	146
269	178
269	179
269	180
269	185
269	186
269	187
270	97
270	98
270	99
270	100
270	145
270	146
270	147
270	178
270	179
270	180
270	189
270	190
270	191
270	192
271	97
271	98
271	99
271	145
271	146
271	147
271	178
271	179
271	180
271	181
271	185
271	186
271	187
271	189
271	190
271	191
272	96
272	97
272	98
272	145
272	146
272	147
272	184
272	185
272	186
272	188
272	189
272	190
273	96
273	97
273	98
273	146
273	147
273	148
273	179
273	180
273	181
273	187
273	188
273	189
274	96
274	97
274	98
274	147
274	148
274	149
274	179
274	180
274	181
274	182
274	183
274	184
274	185
274	187
274	188
274	189
275	96
275	97
275	98
275	147
275	148
275	149
275	180
275	181
275	182
275	183
275	187
275	188
275	189
276	96
276	97
276	98
276	147
276	148
276	149
276	183
276	184
276	185
276	186
276	187
276	188
277	95
277	96
277	97
277	147
277	148
277	149
277	181
277	182
277	183
277	184
277	185
277	186
277	187
278	95
278	96
278	97
278	147
278	148
278	149
278	182
278	183
278	184
278	185
279	95
279	96
279	97
279	147
279	148
279	149
279	182
279	183
279	184
279	185
279	186
280	95
280	96
280	97
280	147
280	148
280	149
280	182
280	183
280	184
280	185
280	186
281	95
281	96
281	97
281	147
281	148
281	149
281	182
281	183
281	184
281	185
282	95
282	96
282	97
282	147
282	148
282	149
282	182
282	183
282	184
282	185
283	95
283	96
283	97
283	147
283	148
283	149
283	182
283	183
283	184
283	185
284	95
284	96
284	97
284	147
284	148
284	149
284	182
284	183
284	184
284	185
285	95
285	96
285	97
285	147
285	148
285	149
285	181
285	182
285	183
285	184
286	95
286	96
286	97
286	147
286	148
286	149
286	180
286	181
286	182
286	183
286	184
286	185
286	186
287	95
287	96
287	97
287	147
287	148
287	149
287	180
287	181
287	182
287	184
287	185
287	186
288	95
288	96
288	97
288	147
288	148
288	149
288	180
288	181
288	182
288	183
288	184
288	185
288	186
288	187
289	95
289	96
289	97
289	147
289	148
289	149
289	179
289	180
289	181
289	184
289	185
289	186
289	187
290	94
290	95
290	96
290	97
290	147
290	148
290	149
290	178
290	179
290	180
290	185
290	186
290	187
291	94
291	95
291	96
291	147
291	148
291	149
291	178
291	179
291	180
291	184
291	185
291	186
291	187
291	188
292	94
292	95
292	96
292	148
292	149
292	150
292	178
292	179
292	180
292	184
292	185
292	186
292	187
292	188
293	93
293	94
293	95
293	96
293	98
293	99
293	100
293	148
293	149
293	150
293	177
293	178
293	179
293	184
293	185
293	186
293	187
293	188
293	189
294	93
294	94
294	95
294	98
294	99
294	100
294	148
294	149
294	150
294	184
294	185
294	186
294	187
294	188
294	189
295	93
295	94
295	95
295	98
295	99
295	100
295	148
295	149
295	150
295	176
295	177
295	178
295	184
295	185
295	186
295	187
295	188
295	189
296	93
296	94
296	95
296	98
296	99
296	100
296	148
296	149
296	150
296	176
296	177
296	178
296	184
296	185
296	186
296	187
296	188
296	189
297	93
297	94
297	95
297	98
297	99
297	100
297	101
297	148
297	149
297	150
297	184
297	185
297	186
297	187
297	188
297	189
298	92
298	93
298	94
298	98
298	99
298	100
298	101
298	149
298	150
298	151
298	175
298	176
298	177
298	185
298	186
298	187
298	188
298	189
298	190
299	98
299	99
299	100
299	101
299	149
299	150
299	151
299	175
299	176
299	177
299	185
299	186
299	187
299	188
299	189
299	190
300	90
300	91
300	92
300	93
300	98
300	99
300	100
300	101
300	150
300	151
300	152
300	186
300	187
300	188
301	89
301	90
301	91
301	92
301	98
301	99
301	100
301	101
301	150
301	151
301	152
301	174
301	175
301	176
301	186
301	187
301	188
301	189
301	190
302	89
302	90
302	91
302	97
302	98
302	99
302	100
302	101
302	150
302	151
302	152
302	174
302	175
302	176
302	187
302	188
302	189
302	190
303	89
303	90
303	91
303	96
303	97
303	98
303	99
303	100
303	101
303	150
303	151
303	152
303	153
303	173
303	174
303	175
303	176
303	187
303	188
303	189
303	190
303	191
304	89
304	90
304	91
304	96
304	97
304	98
304	99
304	100
304	101
304	151
304	152
304	153
304	172
304	173
304	174
304	187
304	188
304	189
304	190
304	191
305	89
305	90
305	91
305	96
305	97
305	98
305	99
305	100
305	101
305	152
305	153
305	154
305	171
305	172
305	173
305	174
305	188
305	189
305	190
305	191
306	89
306	90
306	91
306	96
306	97
306	98
306	99
306	100
306	101
306	152
306	153
306	154
306	169
306	170
306	171
306	172
306	188
306	189
306	190
307	89
307	90
307	91
307	96
307	97
307	98
307	99
307	100
307	101
307	152
307	153
307	154
307	168
307	169
307	170
307	171
307	189
307	190
307	191
307	192
308	89
308	90
308	91
308	96
308	97
308	98
308	99
308	100
308	101
308	152
308	153
308	154
308	168
308	169
308	170
308	189
308	190
308	191
308	192
309	89
309	90
309	91
309	96
309	97
309	98
309	99
309	100
309	101
309	152
309	153
309	154
309	168
309	169
309	170
309	189
309	190
309	191
309	192
310	89
310	90
310	91
310	96
310	97
310	98
310	99
310	100
310	101
310	152
310	153
310	154
310	167
310	168
310	169
310	189
310	190
310	191
310	192
311	89
311	90
311	91
311	96
311	97
311	98
311	99
311	100
311	101
311	152
311	153
311	154
311	165
311	166
311	167
311	168
311	189
311	190
311	191
311	192
311	193
312	89
312	90
312	91
312	96
312	97
312	98
312	99
312	100
312	101
312	152
312	153
312	154
312	164
312	165
312	166
312	191
312	192
312	193
313	89
313	90
313	91
313	96
313	97
313	98
313	99
313	100
313	101
313	153
313	154
313	155
313	156
313	164
313	165
313	166
313	191
313	192
313	193
313	194
314	89
314	90
314	91
314	96
314	97
314	98
314	99
314	100
314	101
314	154
314	155
314	156
314	157
314	158
314	159
314	160
314	161
314	162
314	163
314	164
314	165
314	191
314	192
314	193
314	194
315	90
315	91
315	92
315	96
315	97
315	98
315	99
315	100
315	101
315	191
315	192
315	193
315	194
315	195
316	90
316	91
316	92
316	93
316	96
316	97
316	98
316	99
316	100
316	101
316	191
316	192
316	193
316	194
316	195
316	196
317	91
317	92
317	93
317	96
317	97
317	98
317	99
317	100
317	101
317	191
317	192
317	193
317	194
317	195
317	196
318	91
318	92
318	93
318	96
318	97
318	98
318	99
318	100
318	101
318	192
318	193
318	194
318	195
318	196
319	91
319	92
319	93
319	99
319	100
319	101
319	192
319	193
319	194
319	195
319	196
320	91
320	92
320	93
320	94
320	95
320	96
320	97
320	99
320	100
320	101
320	193
320	194
320	195
320	196
321	91
321	92
321	93
321	94
321	95
321	96
321	99
321	100
321	101
321	193
321	194
321	195
322	91
322	92
322	93
322	94
322	95
322	96
322	99
322	100
322	101
322	102
322	193
322	194
322	195
322	196
323	91
323	92
323	93
323	100
323	101
323	102
323	193
323	194
323	195
323	196
324	91
324	92
324	93
324	94
324	95
324	100
324	101
324	102
324	193
324	194
324	195
324	196
325	91
325	92
325	93
325	94
325	95
325	100
325	101
325	102
325	194
325	195
325	196
326	91
326	92
326	93
326	94
326	100
326	101
326	102
326	194
326	195
326	196
327	91
327	92
327	93
327	94
327	100
327	101
327	102
327	194
327	195
327	196
328	91
328	92
328	93
328	94
328	100
328	101
328	102
328	194
328	195
328	196
329	91
329	92
329	93
329	94
329	100
329	101
329	102
329	194
329	195
329	196
329	197
330	92
330	93
330	94
330	100
330	101
330	102
330	195
330	196
330	197
331	92
331	93
331	94
331	100
331	101
331	102
331	195
331	196
331	197
332	92
332	93
332	94
332	100
332	101
332	102
332	195
332	196
332	197
332	198
333	92
333	93
333	94
333	100
333	101
333	102
333	195
333	196
333	197
333	198
333	199
334	92
334	93
334	94
334	101
334	102
334	103
334	195
334	196
334	197
334	198
334	199
334	200
335	92
335	93
335	94
335	101
335	102
335	103
335	195
335	196
335	197
335	198
335	199
335	200
336	92
336	93
336	94
336	102
336	103
336	104
336	196
336	197
336	198
336	199
336	200
336	201
337	92
337	93
337	94
337	102
337	103
337	104
337	196
337	197
337	198
337	199
337	200
337	201
338	92
338	93
338	94
338	102
338	103
338	104
338	197
338	198
338	199
338	200
338	201
339	92
339	93
339	94
339	102
339	103
339	104
339	197
339	198
339	199
339	200
339	201
340	92
340	93
340	94
340	102
340	103
340	104
340	199
340	200
340	201
341	92
341	93
341	94
341	102
341	103
341	104
341	197
341	198
341	199
341	200
342	92
342	93
342	94
342	198
342	199
342	200
342	201
342	202
343	92
343	93
343	94
343	103
343	104
343	105
343	198
343	199
343	200
344	92
344	93
344	94
344	103
344	104
344	105
344	198
344	199
344	200
345	92
345	93
345	94
345	103
345	104
345	105
345	199
345	200
345	201
345	202
345	203
346	92
346	93
346	94
346	103
346	104
346	105
346	200
346	201
346	202
346	203
347	92
347	93
347	94
347	103
347	104
347	105
348	92
348	93
348	94
348	103
348	104
348	105
348	200
348	201
348	202
348	203
349	92
349	93
349	94
349	103
349	104
349	105
349	106
349	200
349	201
349	202
349	203
350	92
350	93
350	94
350	104
350	105
350	106
350	200
350	201
350	202
350	203
351	92
351	93
351	94
351	104
351	105
351	106
351	200
351	201
351	202
351	203
352	92
352	93
352	94
352	104
352	105
352	106
352	200
352	201
352	202
352	203
353	92
353	93
353	94
353	95
353	104
353	105
353	106
353	200
353	201
353	202
353	203
354	92
354	93
354	94
354	95
354	96
354	104
354	105
354	106
354	200
354	201
354	202
354	203
355	92
355	93
355	94
355	95
355	96
355	104
355	105
355	106
355	200
355	201
355	202
355	203
356	92
356	93
356	94
356	95
356	96
356	104
356	105
356	106
356	201
356	202
356	203
357	92
357	93
357	94
357	95
357	96
357	104
357	105
357	106
357	201
357	202
357	203
358	92
358	93
358	94
358	95
358	96
358	104
358	105
358	106
358	201
358	202
358	203
359	92
359	93
359	94
359	104
359	105
359	106
359	201
359	202
359	203
359	204
360	92
360	93
360	94
360	95
360	96
360	104
360	105
360	106
360	201
360	202
360	203
360	204
360	205
361	92
361	93
361	94
361	95
361	96
361	104
361	105
361	106
361	202
361	203
361	204
361	205
362	92
362	93
362	94
362	95
362	96
362	104
362	105
362	106
362	202
362	203
362	204
362	205
363	92
363	93
363	94
363	95
363	96
363	104
363	105
363	106
363	203
363	204
363	205
364	92
364	93
364	94
364	95
364	96
364	105
364	106
364	107
364	203
364	204
364	205
365	92
365	93
365	94
365	95
365	96
365	105
365	106
365	107
365	203
365	204
365	205
366	92
366	93
366	94
366	95
366	96
366	105
366	106
366	107
366	203
366	204
366	205
367	94
367	95
367	96
367	97
367	105
367	106
367	107
367	203
367	204
367	205
368	92
368	93
368	94
368	95
368	96
368	97
368	105
368	106
368	107
368	203
368	204
368	205
368	206
369	92
369	93
369	94
369	95
369	96
369	97
369	105
369	106
369	107
369	204
369	205
369	206
369	207
370	93
370	94
370	95
370	96
370	97
370	98
370	105
370	106
370	107
370	204
370	205
370	206
370	207
371	94
371	95
371	96
371	97
371	98
371	105
371	106
371	107
371	204
371	205
371	206
371	207
372	94
372	95
372	96
372	97
372	98
372	105
372	106
372	107
372	204
372	205
372	206
372	207
373	96
373	97
373	98
373	105
373	106
373	107
373	204
373	205
373	206
373	207
374	95
374	96
374	97
374	98
374	105
374	106
374	107
374	205
374	206
374	207
375	95
375	96
375	97
375	98
375	105
375	106
375	107
375	205
375	206
375	207
376	95
376	96
376	97
376	98
376	105
376	106
376	107
376	205
376	206
376	207
377	95
377	96
377	97
377	98
377	105
377	106
377	107
377	205
377	206
377	207
378	95
378	96
378	97
378	98
378	105
378	106
378	107
378	205
378	206
378	207
379	95
379	96
379	97
379	98
379	105
379	106
379	107
379	205
379	206
379	207
379	208
379	209
380	95
380	96
380	97
380	98
380	105
380	106
380	107
380	206
380	207
380	208
381	95
381	96
381	97
381	98
381	105
381	106
381	107
381	206
381	207
381	208
381	209
382	95
382	96
382	97
382	98
382	105
382	106
382	107
382	206
382	207
382	208
383	95
383	96
383	97
383	98
383	105
383	106
383	107
383	206
383	207
383	208
383	209
383	210
384	95
384	96
384	97
384	98
384	105
384	106
384	107
385	95
385	96
385	97
385	105
385	106
385	107
385	207
385	208
385	209
386	95
386	96
386	97
386	105
386	106
386	107
386	207
386	208
386	209
386	210
386	211
387	95
387	96
387	97
387	98
387	99
387	105
387	106
387	107
387	207
387	208
387	209
388	96
388	97
388	98
388	105
388	106
388	107
388	208
388	209
388	210
388	211
388	212
389	96
389	97
389	98
389	99
389	105
389	106
389	107
389	208
389	209
389	210
390	96
390	97
390	98
390	99
390	105
390	106
390	107
390	208
390	209
390	210
390	211
390	212
390	213
391	96
391	97
391	98
391	99
391	105
391	106
391	107
391	209
391	210
391	211
391	212
391	213
392	96
392	97
392	98
392	99
392	105
392	106
392	107
392	209
392	210
392	211
392	212
392	213
392	214
393	96
393	97
393	98
393	99
393	105
393	106
393	107
393	210
393	211
393	212
393	213
393	214
394	96
394	97
394	98
394	99
394	105
394	106
394	107
394	108
394	210
394	211
394	212
394	213
394	214
395	96
395	97
395	98
395	99
395	106
395	107
395	108
395	210
395	211
395	212
395	213
395	214
396	96
396	97
396	98
396	99
396	106
396	107
396	108
396	210
396	211
396	212
396	213
396	214
397	96
397	97
397	98
397	99
397	106
397	107
397	108
397	211
397	212
397	213
397	214
398	96
398	97
398	98
398	99
398	106
398	107
398	108
398	212
398	213
398	214
399	96
399	97
399	98
399	99
399	106
399	107
399	108
399	212
399	213
399	214
400	96
400	97
400	98
400	99
400	106
400	107
400	108
400	212
400	213
400	214
401	96
401	97
401	98
401	99
401	106
401	107
401	108
401	212
401	213
401	214
401	215
402	97
402	98
402	99
402	106
402	107
402	108
402	212
402	213
402	214
402	215
403	96
403	97
403	98
403	99
403	100
403	106
403	107
403	108
403	213
403	214
403	215
404	96
404	97
404	98
404	99
404	100
404	106
404	107
404	108
404	213
404	214
404	215
405	96
405	97
405	98
405	99
405	100
405	106
405	107
405	108
405	213
405	214
405	215
406	96
406	97
406	98
406	99
406	100
406	106
406	107
406	108
406	109
406	213
406	214
406	215
406	216
407	96
407	97
407	98
407	99
407	100
407	107
407	108
407	109
407	213
407	214
407	215
407	216
408	97
408	98
408	99
408	100
408	108
408	109
408	110
408	213
408	214
408	215
408	216
409	97
409	98
409	99
409	100
409	108
409	109
409	110
409	214
409	215
409	216
410	97
410	98
410	99
410	100
410	108
410	109
410	110
410	214
410	215
410	216
411	97
411	98
411	99
411	100
411	108
411	109
411	110
411	214
411	215
411	216
412	98
412	99
412	100
412	108
412	109
412	110
412	214
412	215
412	216
413	98
413	99
413	100
413	214
413	215
413	216
414	98
414	99
414	100
414	109
414	110
414	111
414	215
414	216
414	217
415	98
415	99
415	100
415	109
415	110
415	111
415	214
415	215
415	216
415	217
416	98
416	99
416	100
416	109
416	110
416	111
416	214
416	215
416	216
416	217
416	218
417	98
417	99
417	100
417	109
417	110
417	111
417	216
417	217
417	218
418	98
418	99
418	100
418	109
418	110
418	111
418	214
418	215
418	216
418	217
418	218
419	98
419	99
419	100
419	109
419	110
419	111
419	214
419	215
419	216
419	217
419	218
420	98
420	99
420	100
420	109
420	110
420	111
420	214
420	215
420	216
420	217
420	218
420	219
421	98
421	99
421	100
421	110
421	111
421	112
421	214
421	215
421	216
421	217
421	218
421	219
422	98
422	99
422	100
422	110
422	111
422	112
422	214
422	215
422	216
422	217
423	98
423	99
423	100
423	110
423	111
423	112
423	215
423	216
423	217
423	218
423	219
424	98
424	99
424	100
424	110
424	111
424	112
424	215
424	216
424	217
424	218
424	219
425	98
425	99
425	100
425	110
425	111
425	112
425	215
425	216
425	217
425	218
425	219
426	98
426	99
426	100
426	110
426	111
426	112
426	215
426	216
426	217
426	218
426	219
426	220
427	98
427	99
427	100
427	110
427	111
427	112
427	215
427	216
427	217
427	218
427	219
427	220
428	98
428	99
428	100
428	110
428	111
428	112
428	215
428	216
428	217
428	218
428	219
428	220
429	98
429	99
429	100
429	110
429	111
429	112
429	216
429	217
429	218
429	219
429	220
430	98
430	99
430	100
430	110
430	111
430	112
430	216
430	217
430	218
430	219
430	220
430	221
431	98
431	99
431	100
431	110
431	111
431	112
431	217
431	218
431	219
431	220
431	221
432	98
432	99
432	100
432	101
432	110
432	111
432	112
432	217
432	218
432	219
432	220
432	221
433	99
433	100
433	101
433	110
433	111
433	112
433	220
433	221
433	222
434	98
434	99
434	100
434	101
434	111
434	112
434	113
434	218
434	219
434	220
434	221
434	222
435	98
435	99
435	100
435	111
435	112
435	113
435	218
435	219
435	220
435	221
435	222
436	98
436	99
436	100
436	101
436	111
436	112
436	113
436	218
436	219
436	220
436	221
436	222
437	98
437	99
437	100
437	101
437	111
437	112
437	113
437	219
437	220
437	221
437	222
438	98
438	99
438	100
438	101
438	111
438	112
438	113
438	221
438	222
438	223
439	98
439	99
439	100
439	101
439	112
439	113
439	114
439	220
439	221
439	222
439	223
439	224
439	225
440	98
440	99
440	100
440	101
440	112
440	113
440	114
440	220
440	221
440	222
440	223
440	224
440	225
440	226
441	98
441	99
441	100
441	101
441	112
441	113
441	114
441	220
441	221
441	222
441	224
441	225
441	226
442	98
442	99
442	100
442	101
442	112
442	113
442	114
442	220
442	221
442	222
442	225
442	226
442	227
443	98
443	99
443	100
443	112
443	113
443	114
443	220
443	221
443	222
443	223
443	225
443	226
443	227
444	98
444	99
444	100
444	101
444	102
444	112
444	113
444	114
444	221
444	222
444	223
444	225
444	226
444	227
445	99
445	100
445	101
445	102
445	103
445	112
445	113
445	114
445	221
445	222
445	223
445	224
445	225
445	226
445	227
446	99
446	100
446	101
446	102
446	103
446	112
446	113
446	114
446	222
446	223
446	224
446	226
446	227
446	228
447	99
447	100
447	101
447	112
447	113
447	114
447	222
447	223
447	224
447	226
447	227
447	228
448	99
448	100
448	101
448	102
448	103
448	112
448	113
448	114
448	222
448	223
448	224
448	226
448	227
448	228
449	100
449	101
449	102
449	103
449	112
449	113
449	114
449	222
449	223
449	224
449	226
449	227
449	228
450	100
450	101
450	102
450	112
450	113
450	114
450	222
450	223
450	224
450	226
450	227
450	228
451	100
451	101
451	102
451	103
451	112
451	113
451	114
451	223
451	224
451	225
451	226
451	227
451	228
452	100
452	101
452	102
452	103
452	112
452	113
452	114
452	224
452	225
452	226
452	227
452	228
453	100
453	101
453	102
453	103
453	112
453	113
453	114
453	224
453	225
453	226
453	227
453	228
454	100
454	101
454	102
454	103
454	112
454	113
454	114
454	224
454	225
454	226
454	227
454	228
455	100
455	101
455	102
455	103
455	112
455	113
455	114
455	224
455	225
455	226
455	227
455	228
456	100
456	101
456	102
456	103
456	225
456	226
456	227
457	100
457	101
457	102
457	103
457	112
457	113
457	114
457	225
457	226
457	227
457	228
458	101
458	102
458	103
458	104
458	112
458	113
458	114
458	225
458	226
458	227
458	228
459	101
459	102
459	103
459	104
459	112
459	113
459	114
459	225
459	226
459	227
459	228
460	102
460	103
460	104
460	112
460	113
460	114
460	226
460	227
460	228
461	102
461	103
461	104
461	112
461	113
461	114
461	225
461	226
461	227
461	228
461	229
462	102
462	103
462	104
462	112
462	113
462	114
462	225
462	226
462	227
462	228
462	229
463	102
463	103
463	104
463	112
463	113
463	114
463	225
463	226
463	227
463	228
463	229
464	102
464	103
464	104
464	112
464	113
464	114
464	225
464	226
464	227
464	228
464	229
465	102
465	103
465	104
465	112
465	113
465	114
465	225
465	226
465	227
465	228
465	229
466	102
466	103
466	104
466	112
466	113
466	114
466	225
466	226
466	227
466	228
466	229
466	230
467	102
467	103
467	104
467	112
467	113
467	114
467	115
467	226
467	227
467	228
467	229
467	230
468	102
468	103
468	104
468	113
468	114
468	115
468	226
468	227
468	228
468	229
468	230
468	231
469	102
469	103
469	104
469	113
469	114
469	115
469	226
469	227
469	228
469	229
469	230
469	231
470	102
470	103
470	104
470	113
470	114
470	115
470	226
470	227
470	228
470	229
470	230
470	231
471	102
471	103
471	104
471	113
471	114
471	115
471	227
471	228
471	229
471	230
471	231
471	232
472	102
472	103
472	104
472	113
472	114
472	115
472	227
472	228
472	229
472	230
472	231
472	232
473	102
473	103
473	104
473	113
473	114
473	115
473	230
473	231
473	232
474	102
474	103
474	104
474	113
474	114
474	115
474	227
474	228
474	229
474	230
474	231
474	232
475	102
475	103
475	104
475	113
475	114
475	115
475	228
475	229
475	230
475	231
475	232
476	102
476	103
476	104
476	113
476	114
476	115
476	228
476	229
476	230
476	231
476	232
476	233
477	102
477	103
477	104
477	113
477	114
477	115
477	228
477	229
477	230
477	231
477	232
477	233
478	102
478	103
478	104
478	113
478	114
478	115
478	232
478	233
478	234
479	102
479	103
479	104
479	114
479	115
479	116
479	228
479	229
479	230
479	231
479	232
479	233
479	234
480	102
480	103
480	104
480	114
480	115
480	116
480	229
480	230
480	231
480	232
480	233
480	234
480	235
481	102
481	103
481	104
481	229
481	230
481	231
481	233
481	234
481	235
482	102
482	103
482	104
482	114
482	115
482	116
482	229
482	230
482	231
482	233
482	234
482	235
483	102
483	103
483	104
483	114
483	115
483	116
483	229
483	230
483	231
483	233
483	234
483	235
484	102
484	103
484	104
484	114
484	115
484	116
484	230
484	231
484	232
484	234
484	235
484	236
485	102
485	103
485	104
485	105
485	114
485	115
485	116
485	230
485	231
485	232
485	234
485	235
485	236
486	103
486	104
486	105
486	106
486	114
486	115
486	116
486	230
486	231
486	232
486	234
486	235
486	236
487	103
487	104
487	105
487	106
487	114
487	115
487	116
487	231
487	232
487	233
487	234
487	235
487	236
488	103
488	104
488	105
488	106
488	114
488	115
488	116
488	231
488	232
488	233
488	234
488	235
488	236
489	103
489	104
489	105
489	106
489	114
489	115
489	116
489	117
489	231
489	232
489	233
489	234
489	235
489	236
490	103
490	104
490	105
490	106
490	115
490	116
490	117
490	234
490	235
490	236
491	103
491	104
491	105
491	106
491	115
491	116
491	117
491	234
491	235
491	236
491	237
492	103
492	104
492	105
492	106
492	115
492	116
492	117
492	232
492	233
492	234
492	235
492	236
492	237
493	103
493	104
493	105
493	106
493	115
493	116
493	117
493	236
493	237
493	238
494	103
494	104
494	105
494	106
494	115
494	116
494	117
494	232
494	233
494	234
494	236
494	237
494	238
495	103
495	104
495	105
495	106
495	115
495	116
495	117
495	236
495	237
495	238
496	103
496	104
496	105
496	106
496	115
496	116
496	117
496	232
496	233
496	234
496	236
496	237
496	238
497	103
497	104
497	105
497	106
497	115
497	116
497	117
497	236
497	237
497	238
498	103
498	104
498	105
498	106
498	115
498	116
498	117
498	232
498	233
498	234
498	236
498	237
498	238
499	103
499	104
499	105
499	106
499	115
499	116
499	117
499	233
499	234
499	235
499	236
499	237
499	238
499	239
500	103
500	104
500	105
500	106
500	115
500	116
500	117
500	233
500	234
500	235
501	103
501	104
501	105
501	106
501	115
501	116
501	117
501	233
501	234
501	235
501	238
501	239
501	240
502	103
502	104
502	105
502	106
502	115
502	116
502	117
502	233
502	234
502	235
502	238
502	239
502	240
503	103
503	104
503	105
503	106
503	115
503	116
503	117
503	233
503	234
503	235
504	103
504	104
504	105
504	106
504	115
504	116
504	117
504	234
504	235
504	236
504	238
504	239
504	240
505	103
505	104
505	105
505	106
505	115
505	116
505	117
505	235
505	236
505	237
505	238
505	239
505	240
506	103
506	104
506	105
506	106
506	115
506	116
506	117
506	235
506	236
506	237
506	238
506	239
506	240
507	103
507	104
507	105
507	106
507	107
507	115
507	116
507	117
507	235
507	236
507	237
507	238
507	239
507	240
508	103
508	104
508	105
508	106
508	107
508	115
508	116
508	117
508	235
508	236
508	237
508	238
508	239
508	240
509	103
509	104
509	105
509	106
509	107
509	115
509	116
509	117
509	235
509	236
509	237
509	238
509	239
509	240
510	103
510	104
510	105
510	236
510	237
510	238
510	239
510	240
511	103
511	104
511	105
511	106
511	107
511	115
511	116
511	117
511	236
511	237
511	238
511	239
511	240
512	103
512	104
512	105
512	106
512	107
512	115
512	116
512	117
512	236
512	237
512	238
512	239
512	240
513	103
513	104
513	105
513	106
513	107
513	115
513	116
513	117
513	236
513	237
513	238
513	239
513	240
514	103
514	104
514	105
514	106
514	107
514	115
514	116
514	117
514	236
514	237
514	238
514	239
514	240
515	103
515	104
515	105
515	106
515	107
515	115
515	116
515	117
515	239
515	240
515	241
516	103
516	104
516	105
516	106
516	107
516	115
516	116
516	117
516	236
516	237
516	238
516	239
516	240
516	241
517	103
517	104
517	105
517	106
517	107
517	108
517	115
517	116
517	117
517	239
517	240
517	241
518	103
518	104
518	105
518	106
518	107
518	108
518	115
518	116
518	117
518	237
518	238
518	239
518	240
518	241
518	242
519	103
519	104
519	105
519	106
519	107
519	108
519	115
519	116
519	117
519	237
519	238
519	239
519	240
519	241
519	242
520	103
520	104
520	105
520	106
520	107
520	108
520	116
520	117
520	118
520	237
520	238
520	239
520	240
520	241
520	242
520	243
521	104
521	105
521	106
521	107
521	108
521	116
521	117
521	118
521	237
521	238
521	239
521	240
521	241
521	242
521	243
522	104
522	105
522	106
522	107
522	108
522	116
522	117
522	118
522	238
522	239
522	240
522	242
522	243
522	244
523	104
523	105
523	106
523	107
523	108
523	116
523	117
523	118
523	239
523	240
523	241
523	242
523	243
523	244
524	105
524	106
524	107
524	108
524	116
524	117
524	118
524	239
524	240
524	241
524	242
524	243
524	244
525	105
525	106
525	107
525	108
525	109
525	117
525	118
525	119
525	243
525	244
525	245
526	105
526	106
526	107
526	108
526	109
526	240
526	241
526	242
526	243
526	244
526	245
527	105
527	106
527	107
527	108
527	109
527	117
527	118
527	119
527	120
527	243
527	244
527	245
528	105
528	106
528	107
528	108
528	109
528	241
528	242
528	243
528	244
528	245
528	246
529	105
529	106
529	107
529	108
529	109
529	119
529	120
529	121
529	241
529	242
529	243
529	245
529	246
529	247
530	106
530	107
530	108
530	109
530	119
530	120
530	121
530	241
530	242
530	243
530	245
530	246
530	247
531	106
531	107
531	108
531	109
531	110
531	119
531	120
531	121
532	106
532	107
532	108
532	109
532	110
532	119
532	120
532	121
532	241
532	242
532	243
532	245
532	246
532	247
533	106
533	107
533	108
533	109
533	110
533	119
533	120
533	121
533	242
533	243
533	244
533	245
533	246
533	247
534	106
534	107
534	108
534	109
534	110
534	119
534	120
534	121
534	242
534	243
534	244
534	245
534	246
534	247
535	106
535	107
535	108
535	109
535	110
535	119
535	120
535	121
535	242
535	243
535	244
535	245
535	246
535	247
536	107
536	108
536	109
536	110
536	119
536	120
536	121
536	242
536	243
536	244
536	245
536	246
536	247
536	248
537	107
537	108
537	109
537	110
537	119
537	120
537	121
537	122
537	243
537	244
537	245
537	246
537	247
537	248
538	107
538	108
538	109
538	110
538	120
538	121
538	122
538	243
538	244
538	245
538	246
538	247
538	248
539	107
539	108
539	109
539	110
539	120
539	121
539	122
539	243
539	244
539	245
539	246
539	247
539	248
540	107
540	108
540	109
540	110
540	111
540	120
540	121
540	122
540	243
540	244
540	245
540	246
540	247
540	248
541	107
541	108
541	109
541	110
541	111
541	120
541	121
541	122
541	244
541	245
541	246
541	247
541	248
542	107
542	108
542	109
542	110
542	111
542	120
542	121
542	122
542	244
542	245
542	246
542	247
542	248
543	107
543	108
543	109
543	110
543	111
543	120
543	121
543	122
543	244
543	245
543	246
543	247
543	248
544	107
544	108
544	109
544	110
544	111
544	120
544	121
544	122
544	245
544	246
544	247
544	248
545	107
545	108
545	109
545	120
545	121
545	122
545	245
545	246
545	247
545	248
545	249
546	107
546	108
546	109
546	120
546	121
546	122
546	245
546	246
546	247
546	248
546	249
547	107
547	108
547	109
547	110
547	111
547	120
547	121
547	122
547	245
547	246
547	247
547	248
547	249
547	250
548	107
548	108
548	109
548	120
548	121
548	122
548	248
548	249
548	250
549	107
549	108
549	109
549	110
549	111
549	112
549	120
549	121
549	122
549	245
549	246
549	247
549	248
549	249
549	250
550	107
550	108
550	109
550	111
550	112
550	113
550	120
550	121
550	122
550	246
550	247
550	248
550	249
550	250
551	107
551	108
551	109
551	111
551	112
551	113
551	120
551	121
551	122
551	246
551	247
551	248
551	249
551	250
552	107
552	108
552	109
552	111
552	112
552	113
552	120
552	121
552	122
552	248
552	249
552	250
553	107
553	108
553	109
553	111
553	112
553	113
553	120
553	121
553	122
553	247
553	248
553	249
553	250
554	107
554	108
554	109
554	111
554	112
554	113
554	120
554	121
554	122
555	107
555	108
555	109
555	111
555	112
555	113
555	120
555	121
555	122
555	247
555	248
555	249
555	250
555	251
556	107
556	108
556	109
556	111
556	112
556	113
556	120
556	121
556	122
556	249
556	250
556	251
557	107
557	108
557	109
557	111
557	112
557	113
557	120
557	121
557	122
557	247
557	248
557	249
557	250
557	251
557	252
558	107
558	108
558	109
558	110
558	111
558	112
558	120
558	121
558	122
558	247
558	248
558	249
558	250
558	251
558	252
559	107
559	108
559	109
559	110
559	111
559	112
559	120
559	121
559	122
559	247
559	248
559	249
559	251
559	252
559	253
560	107
560	108
560	109
560	110
560	111
560	112
560	120
560	121
560	122
560	247
560	248
560	249
560	251
560	252
560	253
561	107
561	108
561	109
561	110
561	111
561	112
561	120
561	121
561	122
561	247
561	248
561	249
561	251
561	252
561	253
562	107
562	108
562	109
562	110
562	111
562	120
562	121
562	122
562	248
562	249
562	250
562	251
562	252
562	253
563	107
563	108
563	109
563	110
563	111
563	120
563	121
563	122
563	249
563	250
563	251
563	252
563	253
563	254
564	107
564	108
564	109
564	110
564	111
564	249
564	250
564	251
564	252
564	253
564	254
565	107
565	108
565	109
565	110
565	111
565	121
565	122
565	123
565	249
565	250
565	251
565	252
565	253
565	254
566	107
566	108
566	109
566	110
566	111
566	121
566	122
566	123
566	124
566	250
566	251
566	252
566	253
566	254
567	107
567	108
567	109
567	110
567	111
567	122
567	123
567	124
567	251
567	252
567	253
567	254
568	107
568	108
568	109
568	110
568	111
568	122
568	123
568	124
568	251
568	252
568	253
568	254
569	107
569	108
569	109
569	110
569	111
569	122
569	123
569	124
569	125
569	251
569	252
569	253
569	254
569	255
570	107
570	108
570	109
570	110
570	111
570	123
570	124
570	125
570	252
570	253
570	254
570	255
571	109
571	110
571	111
571	123
571	124
571	125
571	252
571	253
571	254
571	255
572	107
572	108
572	109
572	110
572	111
572	123
572	124
572	125
572	252
572	253
572	254
573	107
573	108
573	109
573	110
573	111
573	123
573	124
573	125
573	252
573	253
573	254
573	255
573	256
574	123
574	124
574	125
574	254
574	255
574	256
575	107
575	108
575	109
575	110
575	111
575	112
575	123
575	124
575	125
575	252
575	253
575	254
575	255
575	256
575	257
576	107
576	108
576	109
576	110
576	111
576	112
576	123
576	124
576	125
577	107
577	108
577	109
577	110
577	111
577	112
577	123
577	124
577	125
577	255
577	256
577	257
578	110
578	111
578	112
578	123
578	124
578	125
578	253
578	254
578	255
578	256
578	257
579	107
579	108
579	109
579	111
579	112
579	113
579	123
579	124
579	125
579	255
579	256
579	257
580	107
580	108
580	109
580	111
580	112
580	113
580	123
580	124
580	125
580	253
580	254
580	255
580	256
580	257
580	258
581	107
581	108
581	109
581	111
581	112
581	113
581	123
581	124
581	125
581	253
581	254
581	255
581	256
581	257
581	258
582	107
582	108
582	109
582	111
582	112
582	113
582	123
582	124
582	125
582	257
582	258
582	259
583	107
583	108
583	109
583	111
583	112
583	113
583	123
583	124
583	125
583	257
583	258
583	259
584	107
584	108
584	109
584	111
584	112
584	113
584	123
584	124
584	125
584	254
584	255
584	256
584	258
584	259
584	260
585	107
585	108
585	109
585	111
585	112
585	113
585	123
585	124
585	125
585	254
585	255
585	256
585	258
585	259
585	260
586	107
586	108
586	109
586	111
586	112
586	113
586	123
586	124
586	125
586	254
586	255
586	256
586	258
586	259
586	260
587	107
587	108
587	109
587	111
587	112
587	113
587	123
587	124
587	125
587	254
587	255
587	256
587	259
587	260
587	261
588	109
588	110
588	111
588	112
588	113
588	123
588	124
588	125
588	254
588	255
588	256
588	259
588	260
588	261
589	109
589	110
589	111
589	112
589	113
589	123
589	124
589	125
589	254
589	255
589	256
589	259
589	260
589	261
590	109
590	110
590	111
590	112
590	113
590	123
590	124
590	125
590	259
590	260
590	261
591	110
591	111
591	112
591	113
591	123
591	124
591	125
591	254
591	255
591	256
591	259
591	260
591	261
592	110
592	111
592	112
592	113
592	123
592	124
592	125
592	259
592	260
592	261
593	110
593	111
593	112
593	113
593	123
593	124
593	125
593	259
593	260
593	261
594	110
594	111
594	112
594	113
594	123
594	124
594	125
594	255
594	256
594	257
594	260
594	261
594	262
595	110
595	111
595	112
595	113
595	124
595	125
595	126
595	256
595	257
595	258
595	260
595	261
595	262
596	110
596	111
596	112
596	113
596	124
596	125
596	126
596	256
596	257
596	258
596	260
596	261
596	262
597	110
597	111
597	112
597	113
597	125
597	126
597	127
597	128
597	256
597	257
597	258
597	261
597	262
597	263
598	110
598	111
598	112
598	113
598	126
598	127
598	128
598	256
598	257
598	258
598	261
598	262
598	263
599	110
599	111
599	112
599	113
599	126
599	127
599	128
599	256
599	257
599	258
599	261
599	262
599	263
600	110
600	111
600	112
600	113
600	126
600	127
600	128
600	256
600	257
600	258
600	261
600	262
600	263
601	110
601	111
601	112
601	126
601	127
601	128
601	257
601	258
601	259
601	261
601	262
601	263
602	110
602	111
602	112
602	113
602	114
602	126
602	127
602	128
602	257
602	258
602	259
602	261
602	262
602	263
603	112
603	113
603	114
603	126
603	127
603	128
603	261
603	262
603	263
604	111
604	112
604	113
604	114
604	126
604	127
604	128
604	129
604	130
604	131
604	258
604	259
604	260
604	261
604	262
604	263
605	111
605	112
605	113
605	114
605	126
605	127
605	128
605	129
605	130
605	261
605	262
605	263
606	111
606	112
606	113
606	114
606	126
606	127
606	128
606	129
606	130
606	131
606	258
606	259
606	260
606	261
606	262
606	263
607	111
607	112
607	113
607	114
607	126
607	127
607	128
607	129
607	130
607	131
607	259
607	260
607	261
607	262
607	263
608	112
608	113
608	114
608	126
608	127
608	128
608	129
608	259
608	260
608	261
608	262
608	263
609	112
609	113
609	114
609	126
609	127
609	128
609	129
609	130
609	131
609	260
609	261
609	262
609	263
609	264
610	112
610	113
610	114
610	126
610	127
610	128
610	260
610	261
610	262
610	263
610	264
611	112
611	113
611	114
611	125
611	126
611	127
611	128
611	129
611	130
611	260
611	261
611	262
611	263
611	264
611	265
612	113
612	114
612	115
612	125
612	126
612	127
612	128
612	263
612	264
612	265
613	113
613	114
613	115
613	116
613	126
613	127
613	128
613	129
613	260
613	261
613	262
613	264
613	265
613	266
614	113
614	114
614	115
614	116
614	124
614	125
614	126
614	127
614	128
614	129
614	264
614	265
614	266
615	113
615	114
615	115
615	116
615	122
615	123
615	124
615	126
615	127
615	128
615	129
615	260
615	261
615	262
615	264
615	265
615	266
616	113
616	114
616	115
616	116
616	126
616	127
616	128
616	264
616	265
616	266
617	113
617	114
617	115
617	116
617	117
617	122
617	123
617	124
617	126
617	127
617	128
617	260
617	261
617	262
617	265
617	266
617	267
617	268
618	113
618	114
618	115
618	116
618	117
618	126
618	127
618	128
618	129
618	260
618	261
618	262
618	266
618	267
618	268
619	113
619	114
619	115
619	116
619	117
619	126
619	127
619	128
619	261
619	262
619	263
619	266
619	267
619	268
620	113
620	114
620	115
620	116
620	117
620	121
620	122
620	123
620	125
620	126
620	127
620	128
620	261
620	262
620	263
620	266
620	267
620	268
621	113
621	114
621	115
621	116
621	117
621	125
621	126
621	127
621	128
621	261
621	262
621	263
621	267
621	268
621	269
622	113
622	114
622	115
622	116
622	117
622	120
622	121
622	122
622	125
622	126
622	127
622	128
622	262
622	263
622	264
622	267
622	268
622	269
623	113
623	114
623	115
623	116
623	117
623	120
623	121
623	122
623	123
623	124
623	125
623	126
623	127
623	128
623	262
623	263
623	264
623	267
623	268
623	269
624	113
624	114
624	115
624	116
624	117
624	120
624	121
624	122
624	126
624	127
624	128
624	262
624	263
624	264
624	267
624	268
624	269
624	270
625	113
625	114
625	115
625	116
625	117
625	123
625	124
625	125
625	126
625	127
625	128
625	262
625	263
625	264
625	268
625	269
625	270
626	113
626	114
626	115
626	116
626	117
626	122
626	123
626	124
626	126
626	127
626	128
626	263
626	264
626	265
626	268
626	269
626	270
627	113
627	114
627	115
627	116
627	117
627	119
627	120
627	121
627	122
627	123
627	124
627	126
627	127
627	128
627	263
627	264
627	265
627	268
627	269
627	270
628	113
628	114
628	115
628	116
628	117
628	119
628	120
628	121
628	122
628	123
628	124
628	126
628	127
628	128
628	263
628	264
628	265
628	269
628	270
628	271
629	113
629	114
629	115
629	116
629	117
629	122
629	123
629	124
629	126
629	127
629	128
629	263
629	264
629	265
629	269
629	270
629	271
630	113
630	114
630	115
630	116
630	117
630	126
630	127
630	128
630	263
630	264
630	265
630	269
630	270
630	271
631	113
631	114
631	115
631	116
631	117
631	118
631	119
631	120
631	122
631	123
631	124
631	126
631	127
631	128
631	263
631	264
631	265
631	266
631	269
631	270
631	271
632	113
632	114
632	115
632	116
632	117
632	122
632	123
632	124
632	126
632	127
632	128
632	264
632	265
632	266
632	269
632	270
632	271
633	113
633	114
633	115
633	116
633	117
633	118
633	119
633	126
633	127
633	128
633	264
633	265
633	266
633	269
633	270
633	271
634	113
634	114
634	115
634	116
634	117
634	122
634	123
634	124
634	126
634	127
634	128
634	264
634	265
634	266
634	269
634	270
634	271
635	113
635	114
635	115
635	116
635	117
635	122
635	123
635	124
635	126
635	127
635	128
635	265
635	266
635	267
635	269
635	270
635	271
636	113
636	114
636	115
636	116
636	117
636	118
636	119
636	122
636	123
636	124
636	126
636	127
636	128
636	266
636	267
636	268
636	269
636	270
636	271
637	113
637	114
637	115
637	116
637	117
637	122
637	123
637	124
637	126
637	127
637	128
637	266
637	267
637	268
637	270
637	271
637	272
638	113
638	114
638	115
638	116
638	117
638	118
638	119
638	122
638	123
638	124
638	126
638	127
638	128
638	270
638	271
638	272
639	115
639	116
639	117
639	266
639	267
639	268
